-3 -0.999978632326396
-2.875 -0.999952837081188
-2.75 -0.99989905259094
-2.625 -0.999790466041377
-2.5 -0.999578213503831
-2.375 -0.999176573537334
-2.25 -0.998440927279224
-2.125 -0.997136919932955
-2 -0.994900318508938
-1.875 -0.991189253244094
-1.75 -0.98675925236378
-1.625 -0.978623061153298
-1.5 -0.966440566449617
-1.375 -0.948752522878311
-1.25 -0.923395539856929
-1.125 -0.889186450288511
-1 -0.842729958487199
-0.875 -0.78405828657033
-0.75 -0.711143395668304
-0.625 -0.623233983936084
-0.5 -0.520450833623745
-0.375 -0.404103149963997
-0.25 -0.27632436247415
-0.125 -0.140316137175334
0 0
0.125 0.140316137175334
0.25 0.27632436247415
0.375 0.404103149963997
0.5 0.520450833623745
0.625 0.623233983936084
0.75 0.711143395668304
0.875 0.78405828657033
1 0.842729958487199
1.125 0.889186450288511
1.25 0.923395539856929
1.375 0.948752522878311
1.5 0.966440566449617
1.625 0.978623061153298
1.75 0.98675925236378
1.875 0.991189253244094
2 0.994900318508938
2.125 0.997136919932955
2.25 0.998440927279224
2.375 0.999176573537334
2.5 0.999578213503831
2.625 0.999790466041377
2.75 0.99989905259094
2.875 0.999952837081188
3 0.999978632326396
