x value,eval value, deriv value, integral value
0 0 0 0.993743254890683 0
0.183673469387755 0.182642477040289 0.181580731753287 0.978332108855648 0.0167191072833553
0.36734693877551 0.359140640680899 0.357500226187581 0.932098670750546 0.066356519583718
0.551020408163265 0.523556879641862 0.522097245983891 0.855042940575375 0.147352508251978
0.73469387755102 0.67036003317381 0.669710553823225 0.747164918330136 0.257107525539618
0.918367346938776 0.794611465982377 0.79467891238659 0.608464604014828 0.391982204598715
1.10204081632653 0.892131209881047 0.891489820295915 0.443314834292508 0.547301153766147
1.28571428571429 0.959638582966685 0.957300883784527 0.272880138612361 0.717567203097916
1.46938775510204 0.994862555718947 0.991579280776365 0.0999591324387428 0.897032131493313
1.6530612244898 0.996618151174757 0.993868341997118 -0.0754481842283458 1.07986228568284
1.83673469387755 0.964846308983763 0.963711398172475 -0.253341811388905 1.26014013436703
2.02040816326531 0.900615872269809 0.900653066302669 -0.433532666684789 1.43186427477905
2.20408163265306 0.806087630458029 0.805519092834972 -0.597679761375752 1.58901502612391
2.38775510204082 0.684441627710242 0.682820400788698 -0.733681824540395 1.72608161182586
2.57142857142857 0.539770182400644 0.537726485750316 -0.841538856178719 1.83847587398555
2.75510204081633 0.376940216585764 0.375406843306291 -0.921250856290723 1.92255915389297
2.93877551020408 0.20142952687151 0.20103096904309 -0.972817824876407 1.9756422920275
3.12244897959184 0.0191425047229637 0.0198111611709762 -0.995191097652778 1.99598693834222
3.30612244897959 -0.163788494391832 -0.162542701598162 -0.984962515700097 1.98285018382645
3.48979591836735 -0.341209450842331 -0.33999972087397 -0.941869912947617 1.93657718123433
3.6734693877551 -0.507151709484514 -0.506523647938116 -0.865913289395339 1.85862170017142
3.85714285714286 -0.656032772424844 -0.65607823407227 -0.757092645043261 1.75154620898747
4.04081632653061 -0.782844100988162 -0.782635750499547 -0.616034195587617 1.61902178783822
4.22448979591837 -0.883319609004653 -0.881551893935251 -0.459802318750773 1.46574900950981
4.40816326530612 -0.954079179098284 -0.95108340115683 -0.296068156811591 1.2969854575894
4.59183673469388 -0.99274237391556 -0.989852301431202 -0.12483170977007 1.11825485848978
4.77551020408163 -0.998008516911573 -0.996480624025284 0.0539070223737888 0.935334035288979
4.95918367346939 -0.969700448679051 -0.969590398205994 0.240148039619986 0.754252907730292
5.14285714285714 -0.908770486804673 -0.908275513420549 0.423982278182207 0.581277640072978
5.3265306122449 -0.817268388755888 -0.815377226845436 0.58336712678069 0.42253491747544
5.51020408163265 -0.6982723955654 -0.695523811325395 0.717493682249205 0.283401625861079
5.69387755102041 -0.555785676087006 -0.55335454519042 0.826361944587751 0.168402651107842
5.87755102040816 -0.394601655563042 -0.393508706770505 0.90997191379633 0.0812107667473495
6.06122448979592 -0.220142759012967 -0.220634267614878 0.967897622132489 0.0246465009054196
6.24489795918367 -0.038277994310178 -0.0399007924267888 0.994601488944353 0.000644738373071551
6.42857142857143 0.144874488327476 0.142713684701776 0.988379643262115 0.0101042303368324
6.61224489795918 0.32315321829638 0.321161583924962 0.949232085085775 0.0528150769631906
6.79591836734694 0.490560683915919 0.489395325396912 0.877158814415333 0.127456598446947
6.97959183673469 0.641465095961151 0.641367329271772 0.772159831250789 0.231597335011214
7.16326530612245 0.770789847850595 0.771365896700822 0.64040694891453 0.361708756335872
7.3469387755102 0.874184298819733 0.87555881918065 0.491254321973296 0.513376261576904
7.53061224489796 0.948170134728082 0.950767281710085 0.32479838501025 0.681568049507311
7.71428571428571 0.990258382745635 0.993813125305529 0.141039138025393 0.860668572066282
7.89795918367347 0.999033143403366 1.00151819098338 -0.0600234189812761 1.04447853770622
8.08163265306123 0.974199223160527 0.970859086914304 -0.272701593090965 1.22621806990611
8.26530612244898 0.916592065071699 0.90350621886902 -0.453982206605301 1.39886329858851
8.44897959183674 0.828149643473949 0.806556515964252 -0.594978239338676 1.55630626245844
8.63265306122449 0.711847268190761 0.687409186914872 -0.695689691291085 1.69379032734204
8.81632653061225 0.571597491518 0.553463440435749 -0.756116562462531 1.80791789740085
9 0.412118485241757 0.412118485241757 -0.776258852853013 1.89665041513181
