x value,eval value, deriv value, integral value
0 0 0.757905132298927 0
0.0909090909090909 0.0695910934528692 0.773098923664194 0.00315276747694497
0.181818181818182 0.140563440666217 0.788292715029462 0.0126947822568998
0.272727272727273 0.212917041640044 0.803486506394729 0.0287516128635444
0.363636363636364 0.28665189637435 0.818680297759996 0.0514488278205587
0.454545454545455 0.361768004869134 0.833874089125263 0.0809119956516225
0.545454545454545 0.438265367124397 0.84906788049053 0.117266684880416
0.636363636363636 0.51614398314014 0.864261671855797 0.160638464030618
0.727272727272727 0.595403852916361 0.879455463221064 0.21115290162591
0.818181818181818 0.67604497645306 0.894649254586331 0.268935566189971
0.909090909090909 0.758067353750239 0.909843045951599 0.334112026246481
1 0.841470984807897 0.925036837316866 0.40680785031912
1.09090909090909 0.918480859313569 0.769180401807942 0.486913000558463
1.18181818181818 0.981321966954795 0.613323966299018 0.573375013622665
1.27272727272727 1.02999430773157 0.457467530790095 0.664905819796776
1.36363636363636 1.0644978816439 0.301611095281171 0.760217349365846
1.45454545454545 1.08483268869179 0.145754659772247 0.858021532614926
1.54545454545455 1.09099872887522 -0.0101017757366766 0.957030299829066
1.63636363636364 1.08299600219421 -0.165958211245601 1.05595558129332
1.72727272727273 1.06082450864875 -0.321814646754524 1.15350930729273
1.81818181818182 1.02448424823884 -0.477671082263448 1.24840340811235
1.90909090909091 0.973975220964485 -0.633527517772372 1.33934981403723
2 0.909297426825682 -0.789383953281295 1.42506045535242
2.09090909090909 0.837710509870485 -0.785528219733026 1.50446725155655
2.18181818181818 0.76647411414695 -0.781672486184757 1.57738207900256
2.27272727272727 0.695588239655075 -0.777816752636488 1.64383680325696
2.36363636363636 0.625052886394861 -0.773961019088218 1.70386328988626
2.45454545454545 0.554868054366308 -0.770105285539949 1.75749340445698
2.54545454545455 0.485033743569416 -0.76624955199168 1.80475901253564
2.63636363636364 0.415549954004184 -0.762393818443411 1.84569197968875
2.72727272727273 0.346416685670614 -0.758538084895141 1.88032417148282
2.81818181818182 0.277633938568704 -0.754682351346872 1.90868745348436
2.90909090909091 0.209201712698455 -0.750826617798603 1.9308136912599
3 0.141120008059867 -0.746970884250334 1.94673475037595
3.09090909090909 0.0719660299948166 -0.774416633180781 1.95643938140938
3.18181818181818 0.000316983845179503 -0.801862382111229 1.95974387497851
3.27272727272727 -0.0738271303890434 -0.829308131041677 1.956421406712
3.36363636363636 -0.150466312707852 -0.856753879972124 1.94624515223854
3.45454545454545 -0.229600563111248 -0.884199628902572 1.9289882871868
3.54545454545455 -0.311229881599229 -0.911645377833019 1.90442398718545
3.63636363636364 -0.395354268171797 -0.939091126763467 1.87232542786316
3.72727272727273 -0.48197372282895 -0.966536875693915 1.83246578484862
3.81818181818182 -0.57108824557069 -0.993982624624362 1.78461823377049
3.90909090909091 -0.662697836397016 -1.02142837355481 1.72855595025744
4 -0.756802495307928 -1.04887412248526 1.66405210993816
4.09090909090909 -0.845156735012125 -0.894919151007067 1.59112975169257
4.18181818181818 -0.919515068218304 -0.740964179528877 1.5108113674056
4.27272727272727 -0.979877494926466 -0.587009208050686 1.42436931221342
4.36363636363636 -1.02624401513661 -0.433054236572496 1.33307594125224
4.45454545454546 -1.05861462884874 -0.279099265094304 1.23820360965822
4.54545454545455 -1.07698933606285 -0.125144293616114 1.14102467256756
4.63636363636364 -1.08136813677894 0.028810677862076 1.04281148511643
4.72727272727273 -1.07175103099702 0.182765649340266 0.944836402441026
4.81818181818182 -1.04813801871707 0.336720620818456 0.848371779677521
4.90909090909091 -1.01052909993911 0.490675592296647 0.754689971962104
5 -0.958924274663138 0.644630563774837 0.665063334430956
5.09090909090909 -0.900033246446506 0.650972056991087 0.580560897870038
5.18181818181818 -0.840565718846577 0.657313550207337 0.501438395664418
5.27272727272727 -0.780521691863354 0.663655043423587 0.427748236848942
5.36363636363636 -0.719901165496834 0.669996536639837 0.359542830458453
5.45454545454546 -0.658704139747019 0.676338029856088 0.296874585527799
5.54545454545455 -0.596930614613909 0.682679523072338 0.239795911091823
5.63636363636364 -0.534580590097503 0.689021016288588 0.18835921618537
5.72727272727273 -0.471654066197802 0.695362509504838 0.142616909843286
5.81818181818182 -0.408151042914805 0.701704002721088 0.102621401100415
5.90909090909091 -0.344071520248513 0.708045495937338 0.0684250989916028
6 -0.279415498198926 0.714386989153588 0.0400804125516943
6.09090909090909 -0.212636390856334 0.75475337238343 0.0176866170552225
6.18181818181818 -0.14218761231103 0.795119755613271 0.00153045273547331
6.27272727272727 -0.0680691625630123 0.835486138843112 -0.00805447393457944
6.36363636363636 0.00971895838771858 0.875852522072953 -0.0107345564819619
6.45454545454546 0.0911767505411616 0.916218905302794 -0.00617618843369998
6.54545454545455 0.176304213897317 0.956585288532636 0.00595423668318001
6.63636363636364 0.265101348456186 0.996951671762477 0.025990325341652
6.72727272727273 0.357568154217768 1.03731805499232 0.0542656840146899
6.81818181818182 0.453704631182062 1.07768443822216 0.0911139191752676
6.90909090909091 0.553510779349069 1.118050821452 0.136868637296359
7 0.656986598718789 1.15841720468184 0.191863444850938
7.09090909090909 0.755470430906582 1.00822710344961 0.256169473815474
7.18181818181818 0.84030061752781 0.858037002217388 0.328807958180421
7.27272727272727 0.911477158582471 0.707846900985159 0.408537657439726
7.36363636363636 0.969000054070567 0.557656799752932 0.494117331087338
7.45454545454546 1.0128693039921 0.407466698520705 0.584305738617206
7.54545454545455 1.04308490834706 0.257276597288478 0.677861639523278
7.63636363636364 1.05964686713546 0.107086496056252 0.773543793299502
7.72727272727273 1.06255518035729 -0.0431036051759754 0.870110959439828
7.81818181818182 1.05180984801255 -0.193293706408202 0.966321897438204
7.90909090909091 1.02741087010125 -0.343483807640429 1.06093536678858
8 0.989358246623382 -0.493673908872656 1.1527101269849
8.09090909090909 0.943788173481991 -0.508867700237923 1.24059088285151
8.18181818181818 0.896836846580123 -0.52406149160319 1.32426612053434
8.27272727272727 0.848504265917775 -0.539255282968457 1.4036102715097
8.36363636363636 0.798790431494949 -0.554449074333724 1.47849776725392
8.45454545454546 0.747695343311643 -0.569642865698992 1.54880303924331
8.54545454545454 0.69521900136786 -0.584836657064259 1.6144005189542
8.63636363636364 0.641361405663596 -0.600030448429526 1.67516463786291
8.72727272727273 0.586122556198855 -0.615224239794793 1.73096982744575
8.81818181818182 0.529502452973634 -0.63041803116006 1.78169051917905
8.90909090909091 0.471501095987934 -0.645611822525327 1.82720114453912
9 0.412118485241757 -0.660805613890594 1.8673761350023
