x value, y value, integral value
0 1 0
0.375 0.930507621912314 0.361970179108559
0.75 0.731688868873821 0.673632021130959
1.125 0.431176516798666 0.89166928094455
1.5 0.0707372016677029 0.985778103156994
1.875 -0.299533506189574 0.942878796059143
2.25 -0.628173622722739 0.768933709388085
2.625 -0.869507181465984 0.4881185586027
3 -0.989992496600445 0.139462368965244
3.375 -0.972883945979446 -0.228576964018485
3.75 -0.820559357339561 -0.5648475833908
4.125 -0.554189526492417 -0.822612999109298
4.5 -0.21079579943078 -0.966047747719895
4.875 0.161895330417537 -0.975216585659878
5.25 0.512085477241841 -0.848845184223745
5.625 0.791103548870739 -0.604497241827637
6 0.960170286650366 -0.276133397667429
6.375 0.995787991253056 0.090608779439461
6.75 0.893006344689077 0.444757717428608
7.125 0.666110429045427 0.737092112503831
7.5 0.346635317835026 0.926981940043909
7.875 -0.0210168185064484 0.988035408668015
8.25 -0.385747937452222 0.911767016925765
8.625 -0.696865973366046 0.708776908647344
9 -0.911130261884677 0.40727761453784
