101 0.0158959647248706
101.058 0.0159699316820728
101.116 0.016044415808825
101.174 0.0161194219348259
101.232 0.0161949549462509
101.29 0.0162710197865463
101.348 0.0163476214572358
101.406 0.0164247650187411
101.464 0.0165024555912152
101.522 0.0165806983553904
101.58 0.0166594985534398
101.638 0.0167388614898528
101.696 0.0168187925323263
101.754 0.0168992971126693
101.812 0.0169803807277242
101.87 0.0170620489403023
101.928 0.0171443073801354
101.986 0.0172271617448443
102.044 0.0173106178009221
102.102 0.0173946813847355
102.16 0.0174793584035425
102.218 0.0175646548365275
102.276 0.017650576735854
102.334 0.0177371302277356
102.392 0.017824321513525
102.45 0.0179121568708221
102.508 0.0180006426546007
102.566 0.0180897852983553
102.624 0.0181795913152669
102.682 0.0182700672993902
102.74 0.0183612199268601
102.798 0.0184530559571208
102.856 0.0185455822341747
102.914 0.0186388056878545
102.972 0.0187327333351172
103.03 0.018827372281361
103.088 0.018922729721765
103.146 0.0190188129426533
103.204 0.0191156293228831
103.262 0.0192131863352571
103.32 0.0193114915479616
103.378 0.0194105526260304
103.436 0.0195103773328343
103.494 0.019610973531598
103.552 0.0197123491869442
103.61 0.0198145123664654
103.668 0.0199174712423244
103.726 0.0200212340928839
103.784 0.0201258093043654
103.842 0.020231205372539
103.9 0.0203374309044437
103.958 0.0204444946201394
104.016 0.0205524053544909
104.074 0.0206611720589854
104.132 0.0207708038035833
104.19 0.0208813097786029
104.248 0.020992699296641
104.306 0.0211049817945285
104.364 0.0212181668353233
104.422 0.02133226411034
104.48 0.021447283441218
104.538 0.0215632347820286
104.596 0.0216801282214215
104.654 0.0217979739848129
104.712 0.0219167824366142
104.77 0.0220365640825036
104.828 0.022157329571741
104.886 0.0222790896995277
104.944 0.0224018554094105
105.002 0.0225256377957326
105.06 0.0226504481061326
105.118 0.02277629774409
105.176 0.0229031982715223
105.234000000001 0.0230311614114309
105.292000000001 0.0231601990505999
105.350000000001 0.023290323242347
105.408000000001 0.0234215462093286
105.466000000001 0.0235538803464004
105.524000000001 0.0236873382235342
105.582000000001 0.0238219325887922
105.640000000001 0.0239576763713613
105.698000000001 0.0240945826846468
105.756000000001 0.0242326648294282
105.814000000001 0.0243719362970784
105.872000000001 0.0245124107728478
105.930000000001 0.0246541021392133
105.988000000001 0.0247970244792966
106.046000000001 0.0249411920803506
106.104000000001 0.025086619437317
106.162000000001 0.0252333212564563
106.220000000001 0.025381312459052
106.278000000001 0.025530608185191
106.336000000001 0.0256812237976207
106.394000000001 0.025833174885687
106.452000000001 0.0259864772693528
106.510000000001 0.0261411470032998
106.568000000001 0.0262972003811159
106.626000000001 0.0264546539395697
106.684000000001 0.0266135244629749
106.742000000001 0.0267738289876454
106.800000000001 0.0269355848064447
106.858000000001 0.0270988094734317
106.916000000001 0.0272635208086036
106.974000000001 0.0274297369027408
107.032000000001 0.0275974761223543
107.090000000001 0.0277667571147388
107.148000000001 0.027937598813134
107.206000000001 0.0281100204419973
107.264000000001 0.0282840415223897
107.322000000001 0.0284596818774781
107.380000000001 0.0286369616381571
107.438000000001 0.0288159012487934
107.496000000001 0.0289965214730948
107.554000000001 0.0291788434001082
107.612000000001 0.0293628884503495
107.670000000001 0.0295486783820677
107.728000000001 0.0297362352976485
107.786000000001 0.0299255816501586
107.844000000001 0.0301167402500365
107.902000000001 0.0303097342719321
107.960000000001 0.0305045872616993
108.018000000001 0.0307013231435459
108.076000000001 0.0308999662273437
108.134000000001 0.0311005412161048
108.192000000001 0.0313030732136264
108.250000000001 0.0315075877323102
108.308000000001 0.031714110701159
108.366000000001 0.0319226684739577
108.424000000001 0.032133287837641
108.482000000001 0.0323459960208543
108.540000000001 0.0325608207027123
108.598000000001 0.0327777900217605
108.656000000001 0.0329969325851455
108.714000000001 0.0332182774779989
108.772000000001 0.0334418542730408
108.830000000001 0.0336676930404096
108.888000000001 0.0338958243577227
108.946000000001 0.0341262793203752
109.004000000001 0.0343590895520837
109.062000000001 0.0345942872156798
109.120000000001 0.0348319050241627
109.178000000001 0.0350719762520157
109.236000000001 0.0353145347467958
109.294000000001 0.0355596149410019
109.352000000001 0.0358072518642314
109.410000000001 0.0360574811556312
109.468000000001 0.0363103390766531
109.526000000001 0.0365658625241206
109.584000000001 0.036824089043617
109.642000000001 0.0370850568432029
109.700000000001 0.0373488048074727
109.758000000001 0.0376153725119608
109.816000000001 0.0378848002379048
109.874000000001 0.0381571289873791
109.932000000001 0.0384324004988067
109.990000000001 0.0387106572628622
110.048000000001 0.0389919425387757
110.106000000001 0.0392763003710501
110.164000000001 0.0395637756066033
110.222000000001 0.0398544139123485
110.280000000001 0.0401482617932239
110.338000000001 0.0404453666106869
110.396000000001 0.0407457766016846
110.454000000001 0.0410495408981161
110.512000000001 0.0413567095468002
110.570000000001 0.0416673335299645
110.628000000001 0.0419814647862704
110.686000000001 0.0422991562323912
110.744000000001 0.0426204617851586
110.802000000001 0.0429454363842963
110.860000000001 0.0432741360157574
110.918000000001 0.0436066177356842
110.976000000001 0.0439429396950095
111.034000000001 0.0442831611647196
111.092000000001 0.0446273425617986
111.150000000001 0.0449755454758745
111.208000000001 0.0453278326965913
111.266000000001 0.0456842682417266
111.324000000001 0.0460449173860805
111.382000000001 0.0464098466911583
111.440000000001 0.046779124035673
111.498000000001 0.0471528186468934
111.556000000001 0.0475310011328639
111.614000000001 0.0479137435155252
111.672000000001 0.0483011192647626
111.730000000001 0.0486932033334143
111.788000000001 0.0490900721932684
111.846000000001 0.0494918038720817
111.904000000001 0.0498984779916535
111.962000000001 0.0503101758069887
112.020000000001 0.0507269802465853
112.078000000001 0.0511489759538848
112.136000000001 0.0515762493299216
112.194000000001 0.0520088885772141
112.252000000001 0.0524469837449356
112.310000000001 0.0528906267754111
112.368000000001 0.0533399115519813
112.426000000001 0.0537949339482826
112.484000000001 0.0542557918789896
112.542000000001 0.0547225853520694
112.600000000001 0.0551954165226014
112.658000000001 0.0556743897482135
112.716000000001 0.0561596116461929
112.774000000001 0.0566511911523269
112.832000000001 0.0571492395815368
112.890000000001 0.057653870690364
112.948000000001 0.0581652007413759
113.006000000001 0.0586833485695579
113.064000000001 0.0592084356507617
113.122000000001 0.0597405861722828
113.180000000001 0.0602799271056436
113.238000000001 0.0608265882816605
113.296000000001 0.0613807024678768
113.354000000001 0.0619424054484482
113.412000000001 0.0625118361065676
113.470000000001 0.0630891365095244
113.528000000001 0.0636744519964915
113.586000000002 0.0642679312691439
113.644000000002 0.0648697264852093
113.702000000002 0.0654799933550638
113.760000000002 0.0660988912414823
113.818000000002 0.066726583262664
113.876000000002 0.067363236398655
113.934000000002 0.0680090216012972
113.992000000002 0.0686641139078359
114.050000000002 0.0693286925583277
114.108000000002 0.0700029411169912
114.166000000002 0.0706870475976554
114.224000000002 0.071381204593462
114.282000000002 0.0720856094109875
114.340000000002 0.0728004642089576
114.398000000002 0.0735259761417342
114.456000000002 0.0742623575077626
114.514000000002 0.0750098259031747
114.572000000002 0.0757686043807552
114.630000000002 0.0765389216144827
114.688000000002 0.0773210120698717
114.746000000002 0.0781151161803484
114.804000000002 0.0789214805299054
114.862000000002 0.0797403580422911
114.920000000002 0.0805720081770018
114.978000000002 0.0814166971323565
115.036000000002 0.0822746980559471
115.094000000002 0.0831462912627708
115.152000000002 0.0840317644613661
115.210000000002 0.0849314129882884
115.268000000002 0.0858455400512773
115.326000000002 0.0867744569814841
115.384000000002 0.0877184834951472
115.442000000002 0.0886779479651186
115.500000000002 0.0896531877026681
115.558000000002 0.0906445492500093
115.616000000002 0.0916523886840144
115.674000000002 0.0926770719316086
115.732000000002 0.0937189750973575
115.790000000002 0.0947784848037867
115.848000000002 0.0958559985450018
115.906000000002 0.0969519250542016
115.964000000002 0.0980666846857107
116.022000000002 0.0992007098121881
116.080000000002 0.100354445237701
116.138000000002 0.10152834862739
116.196000000002 0.102722890954486
116.254000000002 0.103938556965487
116.312000000002 0.105175845664332
116.370000000002 0.106435270816461
116.428000000002 0.107717361473702
116.486000000002 0.109022662520963
116.544000000002 0.110351735245768
116.602000000002 0.111705157931729
116.660000000002 0.113083526477107
116.718000000002 0.114487455039675
116.776000000002 0.115917576709156
116.834000000002 0.1173745442086
116.892000000002 0.118859030626106
116.950000000002 0.12037173017841
117.008000000002 0.121913359007913
117.066000000002 0.123484656014825
117.124000000002 0.12508638372621
117.182000000002 0.126719329203781
117.240000000002 0.12838430499244
117.298000000002 0.130082150111647
117.356000000002 0.131813731091827
117.414000000002 0.133579943058166
117.472000000002 0.135381710864256
117.530000000002 0.137219990278235
117.588000000002 0.139095769224181
117.646000000002 0.141010069081709
117.704000000002 0.142963946046901
117.762000000002 0.144958492557863
117.820000000002 0.146994838788431
117.878000000002 0.149074154213741
117.936000000002 0.151197649251618
117.994000000002 0.153366576983989
118.052000000002 0.155582234962764
118.110000000002 0.157845967104937
118.168000000002 0.160159165681931
118.226000000002 0.162523273408556
118.284000000002 0.164939785637272
118.342000000002 0.167410252663817
118.400000000002 0.169936282150668
118.458000000002 0.172519541675209
118.516000000002 0.175161761409936
118.574000000002 0.177864736942507
118.632000000002 0.180630332243986
118.690000000002 0.183460482794155
118.748000000002 0.186357198873392
118.806000000002 0.189322569031257
118.864000000002 0.192358763742593
118.922000000002 0.195468039262742
118.980000000002 0.198652741694214
119.038000000002 0.201915311278083
119.096000000002 0.205258286924247
119.154000000002 0.20868431099573
119.212000000002 0.21219613436328
119.270000000002 0.215796621747671
119.328000000002 0.219488757368378
119.386000000002 0.223275650918659
119.444000000002 0.227160543888555
119.502000000002 0.231146816258862
119.560000000002 0.235237993590912
119.618000000002 0.239437754538798
119.676000000002 0.243749938812722
119.734000000002 0.248178555624309
119.792000000002 0.252727792647101
119.850000000002 0.257402025527995
119.908000000002 0.262205827988166
119.966000000002 0.267143982555052
120.024000000002 0.272221491970218
120.082000000002 0.277443591321507
120.140000000002 0.282815760951746
120.198000000002 0.288343740200469
120.256000000002 0.29403354203974
120.314000000002 0.299891468670115
120.372000000002 0.305924128148235
120.430000000002 0.312138452123498
120.488000000002 0.318541714767687
120.546000000002 0.325141552988535
120.604000000002 0.331945988025909
120.662000000002 0.338963448537727
120.720000000002 0.346202795291944
120.778000000002 0.353673347591046
120.836000000002 0.361384911566503
120.894000000002 0.369347810492761
120.952000000002 0.377572917283566
121.010000000002 0.386071689347984
121.068000000002 0.394856205999359
121.126000000002 0.403939208627999
121.184000000002 0.413334143867518
121.242000000002 0.423055210005889
121.300000000002 0.433117406915412
121.358000000002 0.443536589801271
121.416000000002 0.454329527096379
121.474000000002 0.465513962860995
121.532000000002 0.477108684079531
121.590000000002 0.489133593284274
121.648000000002 0.501609786976814
121.706000000002 0.514559640363261
121.764000000002 0.528006898969083
121.822000000002 0.541976777754309
121.880000000002 0.5564960684102
121.938000000003 0.571593255585019
121.996000000003 0.58729864285969
122.054000000003 0.60364448937465
122.112000000003 0.620665158097698
122.170000000003 0.638397276819893
122.228000000003 0.656879913073245
122.286000000003 0.676154764280916
122.344000000003 0.69626636457863
122.402000000003 0.717262309885828
122.460000000003 0.739193502957406
122.518000000003 0.76211442031241
122.576000000003 0.786083403115225
122.634000000003 0.8111629742779
122.692000000003 0.837420184259208
122.750000000003 0.86492698825633
122.808000000003 0.893760657717455
122.866000000003 0.924004229346031
122.924000000003 0.955746995016511
122.982000000003 0.989085036272288
123.040000000003 1.02412180732189
123.098000000003 1.06096877067935
123.156000000003 1.0997460897951
123.214000000003 1.14058338317575
123.272000000003 1.18362054456941
123.330000000003 1.22900863376338
123.388000000003 1.27691084235874
123.446000000003 1.32750353849115
123.504000000003 1.38097739378232
123.562000000003 1.43753859472961
123.620000000003 1.49741013914101
123.678000000003 1.560833215928
123.736000000003 1.62806866336098
123.794000000003 1.69939849648821
123.852000000003 1.77512748846254
123.910000000003 1.85558478255313
123.968000000003 1.94112550107031
124.026000000003 2.03213230358188
124.084000000003 2.12901682876039
124.142000000003 2.23222093088515
124.200000000003 2.34221759211794
124.258000000003 2.45951135362542
124.316000000003 2.5846380606507
124.374000000003 2.71816365676485
124.432000000003 2.86068168870254
124.490000000003 3.01280909348156
124.548000000003 3.1751797325142
124.606000000003 3.34843501286379
124.664000000003 3.53321079551712
124.722000000003 3.7301196399309
124.780000000003 3.9397272842155
124.838000000003 4.16252213066068
124.896000000003 4.3988764284805
124.954000000003 4.64899786750651
125.012000000003 4.91287048632578
125.070000000003 5.19018424736613
125.128000000003 5.48025345285166
125.186000000003 5.78192549523882
125.244000000003 6.09348336957976
125.302000000003 6.41254798681328
125.360000000003 6.73598956092916
125.418000000003 7.05986093641506
125.476000000003 7.3793691104836
125.534000000003 7.68890345874829
125.592000000003 7.98213903627864
125.650000000003 8.25222942215973
125.708000000003 8.4920948452492
125.766000000003 8.69479765454259
125.824000000003 8.85398003106745
125.882000000003 8.96432148164747
125.940000000003 9.02196081794176
125.998000000003 9.02482379697282
126.056000000003 8.97280635710707
126.114000000003 8.86778394188856
126.172000000003 8.71344538280911
126.230000000003 8.51497818371196
126.288000000003 8.27865364303931
126.346000000003 8.01137032395975
126.404000000003 7.72021204049433
126.462000000003 7.41206444924015
126.520000000003 7.09331721475832
126.578000000003 6.76966134617663
126.636000000003 6.44597716699534
126.694000000003 6.12629911967113
126.752000000003 5.81383924043909
126.810000000003 5.51105067501172
126.868000000003 5.21971467472498
126.926000000003 4.94103783265394
126.984000000003 4.67574992357156
127.042000000003 4.42419599954441
127.100000000003 4.18641907445997
127.158000000003 3.96223173341312
127.216000000003 3.75127638139658
127.274000000003 3.55307471295554
127.332000000003 3.36706746653674
127.390000000003 3.19264573928629
127.448000000003 3.0291751737767
127.506000000003 2.87601425811944
127.564000000003 2.73252785492821
127.622000000003 2.59809692572076
127.680000000003 2.47212526617627
127.738000000003 2.35404392598149
127.796000000003 2.24331386067939
127.854000000003 2.13942725410533
127.912000000003 2.04190785854913
127.970000000003 1.95031062439097
128.028000000003 1.86422082973485
128.086000000003 1.78325287145139
128.144000000003 1.70704884005277
128.202000000003 1.63527697014908
128.260000000003 1.56763003430056
128.318000000003 1.5038237295479
128.376000000003 1.44359509166312
128.434000000003 1.38670096130731
128.492000000003 1.33291651807581
128.550000000003 1.282033892269
128.608000000003 1.23386085967994
128.666000000003 1.18821962137262
128.724000000003 1.14494566804626
128.782000000003 1.10388672691708
128.840000000003 1.06490178792504
128.898000000003 1.02786020535195
128.956000000003 0.992640870516666
129.014000000003 0.959131451011314
129.072000000003 0.927227691899339
129.130000000003 0.89683277436496
129.188000000003 0.867856727449269
129.246000000003 0.840215888704595
129.304000000003 0.813832409826297
129.362000000003 0.788633803565419
129.420000000003 0.764552528476291
129.478000000003 0.741525608302741
129.536000000003 0.71949428304987
129.594000000003 0.698403689021929
129.652000000003 0.678202565328415
129.710000000003 0.658842984568929
129.768000000003 0.640280105601846
129.826000000003 0.622471946482482
129.884000000003 0.605379175823349
129.942000000003 0.588964920982756
130.000000000003 0.573194591629102
130.058000000003 0.55803571735739
130.116000000003 0.543457798152556
130.174000000003 0.529432166601955
130.232000000003 0.515931860857521
130.290000000003 0.50293150743748
130.348000000003 0.490407213038848
130.406000000003 0.478336464605783
130.464000000003 0.466698036966097
130.522000000003 0.455471907409179
130.580000000003 0.444639176634031
130.638000000003 0.434181995546402
130.696000000003 0.424083497429734
130.754000000003 0.414327735056084
130.812000000003 0.40489962234094
130.870000000003 0.395784880180034
130.928000000003 0.386969986137416
130.986000000003 0.378442127682322
131.044000000003 0.370189158698097
131.102000000003 0.362199559009823
131.160000000003 0.354462396698605
131.218000000003 0.346967292989851
131.276000000003 0.339704389520523
131.334000000003 0.332664317806439
131.392000000003 0.325838170745373
131.450000000003 0.31921747600506
131.508000000003 0.312794171157441
131.566000000003 0.306560580431619
131.624000000003 0.30050939296818
131.682000000003 0.294633642466845
131.740000000003 0.288926688127934
131.798000000003 0.283382196795885
131.856000000003 0.277994126220252
131.914000000003 0.272756709356084
131.972000000003 0.267664439631608
132.030000000003 0.262712057116623
132.088000000003 0.257894535530031
132.146000000003 0.253207070029582
132.204000000003 0.248645065731148
132.262000000003 0.244204126908729
132.320000000003 0.239880046830013
132.378000000003 0.235668798185594
132.436000000003 0.231566524073003
132.494000000003 0.227569529499507
132.552000000003 0.223674273370207
132.610000000003 0.219877360930357
132.668000000003 0.216175536633011
132.726000000003 0.212565677405149
132.784000000003 0.209044786287272
132.842000000003 0.20560998642324
132.900000000003 0.202258515378665
132.958000000003 0.198987719767705
133.016000000003 0.195795050169432
133.074000000003 0.19267805631625
133.132000000003 0.189634382537989
133.190000000003 0.186661763446392
133.248000000003 0.183758019845749
133.306000000003 0.180921054856327
133.364000000003 0.178148850238149
133.422000000003 0.175439462903462
133.480000000003 0.172791021607003
133.538000000003 0.170201723803842
133.596000000003 0.167669832665268
133.654000000003 0.165193674243749
133.712000000003 0.162771634778584
133.770000000003 0.160402158134378
133.828000000003 0.158083743364969
133.886000000002 0.155814942395869
133.944000000002 0.153594357818736
134.002000000002 0.151420640791757
134.060000000002 0.149292489040216
134.118000000002 0.147208644951851
134.176000000002 0.145167893761936
134.234000000002 0.143169061823317
134.292000000002 0.141211014956914
134.350000000002 0.139292656878467
134.408000000002 0.13741292769755
134.466000000002 0.135570802485107
134.524000000002 0.133765289905972
134.582000000002 0.131995430913051
134.640000000002 0.130260297500031
134.698000000002 0.128558991509633
134.756000000002 0.126890643494645
134.814000000002 0.12525441162907
134.872000000002 0.123649480666908
134.930000000002 0.12207506094622
134.988000000002 0.120530387436244
135.046000000002 0.119014718825456
135.104000000002 0.117527336648604
135.162000000002 0.116067544450809
135.220000000002 0.114634666986971
135.278000000002 0.113228049454794
135.336000000002 0.111847056759816
135.394000000002 0.110491072810963
135.452000000002 0.109159499845157
135.510000000002 0.107851757779663
135.568000000002 0.106567283590851
135.626000000002 0.105305530718173
135.684000000002 0.104065968492196
135.742000000002 0.10284808158559
135.800000000002 0.101651369486021
135.858000000002 0.100475345989976
135.916000000002 0.0993195387165622
135.974000000002 0.0981834886404067
136.032000000002 0.0970667496427861
136.090000000002 0.0959688880801986
136.148000000002 0.0948894823696024
136.206000000002 0.0938281225895928
136.264000000002 0.0927844100968255
136.322000000002 0.0917579571570261
136.380000000002 0.0907483865899562
136.438000000002 0.0897553314277397
136.496000000002 0.0887784345859799
136.554000000002 0.0878173485471238
136.612000000002 0.0868717350555577
136.670000000002 0.0859412648239423
136.728000000002 0.0850256172503172
136.786000000002 0.0841244801455264
136.844000000002 0.083237549470541
136.902000000002 0.0823645290832683
136.960000000002 0.0815051304944621
137.018000000002 0.0806590726323612
137.076000000002 0.0798260816157041
137.134000000002 0.0790058905347809
137.192000000002 0.0781982392401998
137.250000000002 0.0774028741390611
137.308000000002 0.0766195479982434
137.366000000002 0.0758480197545199
137.424000000002 0.0750880543312385
137.482000000002 0.074339422461305
137.540000000002 0.0736019005162265
137.598000000002 0.0728752703409785
137.656000000002 0.0721593190944701
137.714000000002 0.0714538390953943
137.772000000002 0.0707586276732541
137.830000000002 0.0700734870243702
137.888000000002 0.0693982240726796
137.946000000002 0.0687326503351447
138.004000000002 0.0680765817916005
138.062000000002 0.0674298387588718
138.120000000002 0.0667922457690043
138.178000000002 0.0661636314514547
138.236000000002 0.0655438284190947
138.294000000002 0.0649326731578892
138.352000000002 0.0643300059201133
138.410000000002 0.0637356706209806
138.468000000002 0.0631495147385573
138.526000000002 0.0625713892168459
138.584000000002 0.0620011483719224
138.642000000002 0.061438649801019
138.700000000002 0.0608837542944477
138.758000000002 0.0603363257502625
138.816000000002 0.0597962310915653
138.874000000002 0.0592633401863614
138.932000000002 0.0587375257698757
138.990000000002 0.0582186633692442
139.048000000002 0.0577066312304972
139.106000000002 0.057201310247757
139.164000000002 0.0567025838945714
139.222000000002 0.0562103381573119
139.280000000002 0.0557244614705651
139.338000000002 0.0552448446544497
139.396000000002 0.054771380853794
139.454000000002 0.0543039654791115
139.512000000002 0.0538424961493131
139.570000000002 0.0533868726360998
139.628000000002 0.0529369968099783
139.686000000002 0.0524927725878454
139.744000000002 0.052054105882092
139.802000000002 0.0516209045511732
139.860000000002 0.0511930783515992
139.918000000002 0.0507705388912992
139.976000000002 0.0503531995843144
140.034000000002 0.0499409756067766
140.092000000002 0.0495337838541311
140.150000000002 0.0491315428995642
140.208000000002 0.0487341729535965
140.266000000002 0.0483415958248048
140.324000000002 0.0479537348816369
140.382000000002 0.0475705150152849
140.440000000002 0.0471918626035834
140.498000000002 0.0468177054759004
140.556000000002 0.0464479728789906
140.614000000002 0.0460825954437796
140.672000000002 0.0457215051530521
140.730000000002 0.0453646353100145
140.788000000002 0.0450119205077062
140.846000000002 0.0446632965992323
140.904000000002 0.0443187006687941
140.962000000002 0.0439780710034919
141.020000000002 0.0436413470658773
141.078000000002 0.0433084694672325
141.136000000002 0.0429793799415536
141.194000000002 0.0426540213202187
141.252000000002 0.0423323375073183
141.310000000002 0.04201427345563
141.368000000002 0.0416997751432173
141.426000000002 0.0413887895506343
141.484000000002 0.0410812646387187
141.542000000002 0.0407771493269561
141.600000000002 0.0404763934723976
141.658000000002 0.0401789478491166
141.716000000002 0.039884764128187
141.774000000002 0.0395937948581697
141.832000000001 0.039305993446091
141.890000000001 0.0390213141389005
141.948000000001 0.038739712005393
142.006000000001 0.0384611429185827
142.064000000001 0.0381855635385159
142.122000000001 0.0379129312955102
142.180000000001 0.0376432043738081
142.238000000001 0.037376341695633
142.296000000001 0.0371123029056374
142.354000000001 0.0368510483557308
142.412000000001 0.0365925390902775
142.470000000001 0.0363367368316551
142.528000000001 0.0360836039661615
142.586000000001 0.0358331035302626
142.644000000001 0.0355851991971705
142.702000000001 0.035339855263744
142.760000000001 0.035097036637701
142.818000000001 0.0348567088251364
142.876000000001 0.0346188379183355
142.934000000001 0.0343833905838756
142.992000000001 0.0341503340510086
143.050000000001 0.0339196361003161
143.108000000001 0.03369126505263
143.166000000001 0.0334651897582118
143.224000000001 0.033241379586184
143.282000000001 0.0330198044142057
143.340000000001 0.0328004346183878
143.398000000001 0.0325832410634393
143.456000000001 0.0323681950930408
143.514000000001 0.0321552685204378
143.572000000001 0.0319444336192488
143.630000000001 0.0317356631144823
143.688000000001 0.031528930173757
143.746000000001 0.0313242083987215
143.804000000001 0.0311214718166654
143.862000000001 0.0309206948723208
143.920000000001 0.0307218524198455
143.978000000001 0.0305249197149859
144.036000000001 0.0303298724074142
144.094000000001 0.0301366865332352
144.152000000001 0.0299453385076583
144.210000000001 0.0297558051178321
144.268000000001 0.029568063515835
144.326000000001 0.02938209121182
144.384000000001 0.0291978660673091
144.442000000001 0.0290153662886333
144.500000000001 0.0288345704205152
144.558000000001 0.0286554573397898
144.616000000001 0.0284780062492616
144.674000000001 0.0283021966716927
144.732000000001 0.0281280084439206
144.790000000001 0.0279554217111009
144.848000000001 0.0277844169210731
144.906000000001 0.0276149748188461
144.964000000001 0.0274470764411998
145.022000000001 0.0272807031114015
145.080000000001 0.0271158364340328
145.138000000001 0.0269524582899256
145.196000000001 0.0267905508312031
145.254000000001 0.0266300964764258
145.312000000001 0.0264710779058364
145.370000000001 0.0263134780567056
145.428000000001 0.0261572801187718
145.486000000001 0.0260024675297766
145.544000000001 0.0258490239710912
145.602000000001 0.0256969333634327
145.660000000001 0.0255461798626674
145.718000000001 0.0253967478557006
145.776000000001 0.0252486219564493
145.834000000001 0.0251017870018961
145.892000000001 0.0249562280482236
145.950000000001 0.0248119303670263
146.008000000001 0.0246688794415985
146.066000000001 0.0245270609632968
146.124000000001 0.0243864608279748
146.182000000001 0.0242470651324893
146.240000000001 0.0241088601712758
146.298000000001 0.0239718324329913
146.356000000001 0.0238359685972244
146.414000000001 0.0237012555312687
146.472000000001 0.0235676802869614
146.530000000001 0.023435230097582
146.588000000001 0.0233038923748132
146.646000000001 0.0231736547057594
146.704000000001 0.0230445048500247
146.762000000001 0.022916430736846
146.820000000001 0.0227894204622825
146.878000000001 0.0226634622864592
146.936000000001 0.0225385446308628
146.994000000001 0.0224146560756899
147.052000000001 0.0222917853572457
147.110000000001 0.0221699213653924
147.168000000001 0.0220490531410458
147.226000000001 0.0219291698737198
147.284000000001 0.0218102608991167
147.342000000001 0.0216923156967634
147.400000000001 0.021575323887692
147.458000000001 0.0214592752321637
147.516000000001 0.021344159627435
147.574000000001 0.0212299671055667
147.632000000001 0.0211166878312721
147.690000000001 0.0210043120998062
147.748000000001 0.0208928303348937
147.806000000001 0.0207822330866949
147.864000000001 0.0206725110298098
147.922000000001 0.0205636549613177
147.980000000001 0.0204556557988541
148.038000000001 0.0203485045787212
148.096000000001 0.0202421924540343
148.154000000001 0.0201367106929008
148.212000000001 0.0200320506766326
148.270000000001 0.0199282038979908
148.328000000001 0.0198251619594623
148.386000000001 0.0197229165715668
148.444000000001 0.0196214595511946
148.502000000001 0.0195207828199742
148.560000000001 0.0194208784026684
148.618000000001 0.0193217384256003
148.676000000001 0.0192233551151055
148.734000000001 0.0191257207960131
148.792000000001 0.0190288278901528
148.850000000001 0.0189326689148887
148.908000000001 0.0188372364816787
148.966000000001 0.018742523294659
149.024000000001 0.0186485221492537
149.082000000001 0.0185552259308087
149.140000000001 0.0184626276132486
149.198000000001 0.0183707202577582
149.256000000001 0.0182794970114856
149.314000000001 0.0181889511062685
149.372000000001 0.0180990758573821
149.430000000001 0.0180098646623088
149.488000000001 0.0179213109995284
149.546000000001 0.0178334084273302
149.604000000001 0.0177461505826437
149.662000000001 0.0176595311798908
149.720000000001 0.0175735440098563
149.778000000001 0.0174881829385785
149.836 0.0174034419062579
149.894 0.0173193149261844
149.952 0.0172357960836828
150.01 0.0171528795350757
150.068 0.0170705595066642
150.126 0.0169888302937251
150.184 0.016907686259525
150.242 0.0168271218343512
150.3 0.0167471315145577
150.358 0.0166677098616284
150.416 0.0165888515012542
150.474 0.0165105511224265
150.532 0.0164328034765452
150.59 0.016355603376541
150.648 0.0162789456960125
150.706 0.0162028253683772
150.764 0.0161272373860363
150.822 0.0160521767995532
150.88 0.0159776387168451
150.938 0.0159036183023878
150.996 0.0158301107764333
151.054 0.01575711141424
151.112 0.0156846155453154
151.17 0.0156126185526705
151.228 0.0155411158720867
151.286 0.0154701029913938
151.344 0.0153995754497602
151.402 0.0153295288369933
151.46 0.0152599587928523
151.518 0.0151908610063708
151.576 0.0151222312151906
151.634 0.0150540652049059
151.692 0.0149863588084174
151.75 0.0149191079052975
151.808 0.0148523084211641
151.866 0.0147859563270653
151.924 0.014720047638873
151.982 0.0146545784166863
152.04 0.0145895447642439
152.098 0.0145249428283454
152.156 0.0144607687982824
152.214 0.0143970189052769
152.272 0.0143336894219301
152.33 0.0142707766616777
152.388 0.0142082769782555
152.446 0.0141461867651714
152.504 0.0140845024551866
152.562 0.0140232205198045
152.62 0.0139623374687664
152.678 0.0139018498495565
152.736 0.0138417542469129
152.794 0.0137820472823462
152.852 0.0137227256136667
152.91 0.0136637859345164
152.968 0.0136052249739101
153.026 0.013547039495782
153.084 0.0134892262985398
153.142 0.0134317822146252
153.2 0.0133747041100806
153.258 0.0133179888841226
153.316 0.0132616334687219
153.374 0.0132056348281891
153.432 0.0131499899587665
153.49 0.0130946958882263
153.548 0.0130397496754745
153.606 0.0129851484101604
153.664 0.0129308892122918
153.722 0.0128769692318566
153.78 0.0128233856484484
153.838 0.0127701356708992
153.896 0.0127172165369159
153.954 0.0126646255127232
154.012 0.0126123598927111
154.07 0.0125604169990876
154.128 0.012508794181536
154.186 0.0124574888168779
154.244 0.0124064983087405
154.302 0.0123558200872284
154.36 0.0123054516086009
154.418 0.0122553903549526
154.476 0.0122056338339004
154.534 0.0121561795782728
154.592 0.0121070251458051
154.65 0.0120581681188384
154.708 0.0120096061040229
154.766 0.0119613367320251
154.824 0.0119133576572393
154.882 0.0118656665575035
154.94 0.0118182611338186
154.998 0.0117711391100719
155.056 0.0117242982327643
155.114 0.0116777362707415
155.172 0.0116314510149285
155.23 0.0115854402780685
155.288 0.0115397018944644
155.346 0.0114942337197248
155.404 0.0114490336305128
155.462 0.0114040995242987
155.52 0.0113594293191158
155.578 0.0113150209533198
155.636 0.0112708723853511
155.694 0.0112269815935007
155.752 0.0111833465756791
155.81 0.0111399653491884
155.868 0.0110968359504974
155.926 0.0110539564350196
155.984 0.0110113248768948
156.042 0.0109689393687728
156.1 0.0109267980216006
156.158 0.0108848989644123
156.216 0.0108432403441216
156.274 0.0108018203253174
156.332 0.0107606370900617
156.39 0.0107196888376909
156.448 0.0106789737846188
156.506 0.0106384901641429
156.564 0.0105982362262533
156.622 0.0105582102374434
156.68 0.0105184104805237
156.738 0.0104788352544382
156.796 0.0104394828740826
156.854 0.0104003516701253
156.912 0.0103614399888307
156.97 0.0103227461918846
157.028 0.0102842686562223
157.086 0.0102460057738583
157.144 0.0102079559517187
157.202 0.0101701176114757
157.26 0.0101324891893841
157.318 0.0100950691361201
157.376 0.0100578559166219
157.434 0.0100208480099324
157.492 0.00998404390904441
157.55 0.00994744212074714
157.608 0.00991104116547502
157.666 0.00987483957715848
157.724 0.00983883590307646
157.781999999999 0.00980302870371095
157.839999999999 0.00976741655260325
157.897999999999 0.00973199803621217
157.955999999999 0.00969677175377389
158.013999999999 0.00966173631716375
158.071999999999 0.00962689035075961
158.129999999999 0.00959223249130707
158.187999999999 0.00955776138778627
158.245999999999 0.00952347570128048
158.303999999999 0.00948937410484621
158.361999999999 0.00945545528338505
158.419999999999 0.00942171793351698
158.477999999999 0.00938816076345543
158.535999999999 0.00935478249288374
158.593999999999 0.00932158185283318
158.651999999999 0.00928855758556259
158.709999999999 0.00925570844443936
158.767999999999 0.00922303319382196
158.825999999999 0.00919053060894389
158.883999999999 0.0091581994757991
158.941999999999 0.00912603859102875
158.999999999999 0.00909404676180939
