#Interval of matrixsizes(5,600) of stepsize=5
#Size of matrix: time elapsed for banach method: time elapsed for crout method:
5 0.0007428 0.0004124
10 2.09E-05 3.84E-05
15 7.55E-05 6.34E-05
20 0.0001977 0.0002261
25 0.0003461 0.0004763
30 0.0006933 0.0004378
35 0.0008727 0.0006469
40 0.000896 0.0009118
45 0.002034 0.000283
50 0.0003867 0.0003816
55 0.0008093 0.0005063
60 0.001029 0.00062
65 0.0011949 0.0012993
70 0.0015202 0.0015332
75 0.0018733 0.0020036
80 0.0021123 0.0018631
85 0.0031628 0.002397
90 0.0023575 0.0023532
95 0.00274 0.0030195
100 0.0037048 0.0034553
105 0.0040703 0.0055147
110 0.0049888 0.0047704
115 0.0048534 0.0044846
120 0.0062292 0.0057218
125 0.007292 0.0064957
130 0.0080247 0.0062843
135 0.0087412 0.0092859
140 0.0093516 0.0082651
145 0.0106305 0.011132
150 0.0114315 0.0097954
155 0.0133822 0.0134639
160 0.0128306 0.0172261
165 0.0166503 0.0207543
170 0.0201103 0.0192097
175 0.0179368 0.0188384
180 0.0196389 0.0222181
185 0.025259 0.0266904
190 0.0377442 0.0408218
195 0.0418137 0.0407465
200 0.0377829 0.0334292
205 0.0361732 0.0301578
210 0.0405759 0.0447011
215 0.0400954 0.0411843
220 0.0478647 0.0415955
225 0.047794 0.0472971
230 0.04831 0.0436014
235 0.0445209 0.0432376
240 0.0456553 0.0462253
245 0.0574654 0.0541738
250 0.0543152 0.0562251
255 0.0557152 0.0558319
260 0.0592936 0.0595959
265 0.064685 0.0618435
270 0.0932438 0.141656
275 0.0799458 0.0744186
280 0.0922158 0.0799032
285 0.0806317 0.0861383
290 0.0916931 0.0809073
295 0.084633 0.0854107
300 0.0916858 0.0936633
305 0.101151 0.0947253
310 0.0990553 0.0968949
315 0.1061919 0.0994538
320 0.1101923 0.108419
325 0.1129944 0.1070241
330 0.1046587 0.1004712
335 0.123736 0.122201
340 0.1346396 0.1307455
345 0.1370211 0.1175368
350 0.1259691 0.121131
355 0.1337783 0.1244128
360 0.1377989 0.1324719
365 0.1451299 0.1599173
370 0.1692392 0.1451144
375 0.1529727 0.1517691
380 0.1589535 0.1565838
385 0.1670439 0.1619021
390 0.1738669 0.1667192
395 0.2159971 0.2074005
400 0.1856262 0.1836531
405 0.1945417 0.1855219
410 0.2069818 0.1965449
415 0.2085989 0.2357421
420 0.2144247 0.2114137
425 0.2273294 0.2134009
430 0.2287272 0.2232105
435 0.2486887 0.2641732
440 0.263752 0.2953481
445 0.2844585 0.2905253
450 0.2970312 0.3111769
455 0.2743486 0.2638544
460 0.2944477 0.3135365
465 0.3047183 0.3160575
470 0.3148626 0.2980883
475 0.3078387 0.3077785
480 0.3351115 0.3746947
485 0.3276397 0.3300792
490 0.3354547 0.3577395
495 0.3521201 0.3409542
500 0.3507733 0.3576826
505 0.3955165 0.4023332
510 0.3743701 0.3737258
515 0.3962861 0.453536
520 0.4520378 0.4020294
525 0.4101307 0.4398348
530 0.4359804 0.4176581
535 0.4342412 0.4743735
540 0.4475481 0.4964951
545 0.4842879 0.5044347
550 0.4726829 0.4801923
555 0.4973617 0.5132762
560 0.4976965 0.5210928
565 0.5359595 0.5744775
570 0.5355908 0.5535359
575 0.5540794 0.5422448
580 0.5998025 0.6063752
585 0.5675674 0.5994747
590 0.6047874 0.6229637
595 0.6050048 0.6136851
600 0.6813277 0.7209731
