100 1.42903064684164 0.204413409643649 0.0358267171559621
200 1.27368436918956 0.0839440161736907 0.119519560496115
300 1.47715477700344 0.130182505259244 0.0839508473177637
400 1.44329739634924 0.184323040871711 0.0500934666635602
500 1.24280295101245 0.0537026991611922 0.150400978673229
600 1.30554045701649 0.0747473874043751 0.0876634726691903
700 1.29528589612576 0.0527244008360334 0.0979180335599159
800 1.39738147231086 0.0992920563034997 0.00417754262518399
900 1.31367833377409 0.0837051555571807 0.0795255959115824
1000 1.27926452168979 0.0552823295163994 0.113939407995892
1100 1.39109026718117 0.0599686271228734 0.00211366250450662
1200 1.33471483361495 0.0571842187763878 0.0584890960707318
1300 1.24204539870503 0.0330162484015193 0.151158530980646
1400 1.38667752220135 0.0533183686326577 0.00652640748433164
1500 1.5034181717738 0.0893460655589706 0.110214242088124
1600 1.29907858312518 0.0395085148796268 0.0941253465604976
1700 1.40270426152753 0.110918607406158 0.00950033184185206
1800 1.39436217197195 0.07777918986343 0.00115824228626904
1900 1.36926454068334 0.054278122194192 0.0239393890023405
2000 1.33691764774127 0.0441665050789972 0.0562862819444114
2100 1.33186489550966 0.0486595648486577 0.0613390341760141
2200 1.31067502940668 0.0408722255623429 0.0825289002790008
2300 1.35130807739629 0.0545899488193211 0.0418958522893846
2400 1.33224308047 0.0546564964702737 0.0609608492156795
2500 1.44096630418056 0.0675143717304995 0.0477623744948787
2600 1.34152864075133 0.0354241901121118 0.0516752889343504
2700 1.41575099730127 0.0559044115703676 0.0225470676155934
2800 1.36076820172722 0.0478538549384612 0.0324357279584524
2900 1.32284670598928 0.0297145338291532 0.070357223696399
3000 1.36726129095296 0.0701236404658709 0.0259426387327149
3100 1.42064713083856 0.0628462181981576 0.0274432011528865
3200 1.30826192414061 0.0357520387073426 0.0849420055450674
3300 1.31167945877328 0.0341944017056036 0.0815244709124014
3400 1.39156122018366 0.0453662530360497 0.00164270950201995
3500 1.40466090586096 0.0950335145375575 0.0114569761752816
3600 1.46702617726926 0.181946756996904 0.0738222475835881
3700 1.53245082765577 0.10516237556013 0.139246897970091
3800 1.33180323442617 0.0272010823560815 0.0614006952595052
3900 1.29569966172977 0.0251205380022321 0.0975042679559117
4000 1.48937910561914 0.179735355563411 0.0961751759334637
4100 1.33190917073378 0.0303769631461049 0.0612947589518922
4200 1.31383506666807 0.0376961298638842 0.0793688630176095
4300 1.33953067257582 0.0522725283012493 0.0536732571098537
4400 1.35861026025186 0.0450551510747192 0.0345936694338205
4500 1.35770647478689 0.0307534352584257 0.0354974548987876
4600 1.41291411805323 0.0601396359547253 0.0197101883675499
4700 1.34496663247074 0.0393836373752955 0.0482372972149381
4800 1.36678596553083 0.0345986283313921 0.0264179641548443
4900 1.42454512917915 0.0817673147899623 0.0313411994934736
5000 1.37614893580316 0.0642542675299645 0.0170549938825137
5100 1.42866960975422 0.0562435739599393 0.0354656800685389
5200 1.37411267540201 0.0493179606616899 0.0190912542836692
5300 1.37927563653057 0.0456596988318388 0.0139282931551117
5400 1.33037684867661 0.0395505719953459 0.062827081009067
5500 1.30661984726746 0.0263850117937349 0.0865840824182165
5600 1.37278206433492 0.0493125289849803 0.0204218653507613
5700 1.42587811595965 0.0668489510643305 0.0326741862739715
5800 1.44923878403696 0.0575800757210821 0.0560348543512854
5900 1.30013066729444 0.0256784392467393 0.0930732623912369
6000 1.30046727001164 0.0282039795664337 0.0927366596740349
6100 1.33209768006341 0.0334401011885937 0.0611062496222683
6200 1.36097616027526 0.0351469075965879 0.0322277694104125
6300 1.40235851490655 0.0566065470378736 0.00915458522087431
6400 1.30952942109203 0.0231415091504074 0.0836745085936428
6500 1.33736226933357 0.0231307832932571 0.055841660352111
6600 1.36569602771342 0.0410668509853264 0.0275079019722526
6700 1.36424535078729 0.0333581906769475 0.0289585788983884
6800 1.35054665113244 0.038450476234231 0.0426572785532418
6900 1.43809227516061 0.0572470663876083 0.0448883454749291
7000 1.43158299712998 0.0531112859630084 0.038379067444303
7100 1.32615648564621 0.0308051299019338 0.0670474440394693
7200 1.36275545954048 0.0372604141724367 0.0304484701451979
7300 1.33352380549816 0.0299791893921139 0.059680124187518
7400 1.42271388784847 0.0455977376222486 0.0295099581627898
7500 1.36365406095261 0.0336233532280499 0.0295498687330689
7600 1.43120426607511 0.0517394052950979 0.0380003363894299
7700 1.4133708313204 0.0428268082884172 0.0201669016347201
7800 1.36266660912082 0.0376942866005208 0.0305373205648591
7900 1.35605689243012 0.0286711071728746 0.0371470372555567
8000 1.4168415235496 0.0651880454577729 0.0236375938639233
8100 1.33930540126437 0.0325531566811539 0.0538985284213036
8200 1.43185237414303 0.0932517972842485 0.0386484444573576
8300 1.40175401478864 0.0611897034871609 0.00855008510296007
8400 1.36696629676113 0.0290879827246592 0.0262376329245468
8500 1.33569582342695 0.0280701974296674 0.0575081062587253
8600 1.42306067039501 0.0651501157033269 0.0298567407093366
8700 1.33832074578653 0.0231114996754644 0.0548831838991477
8800 1.39168351163071 0.0710779303030705 0.00152041805496617
8900 1.33625607683675 0.0280327796121089 0.0569478528489311
9000 1.3456896514722 0.0306107846810974 0.0475142782134759
9100 1.3253035971799 0.0207577774883418 0.0679003325057745
9200 1.44344908865922 0.0462195123757944 0.0502451589735395
9300 1.30711470481637 0.0159461241614797 0.086089224869305
9400 1.47657784768848 0.07196316135531 0.0833739180028013
9500 1.33639833653653 0.0245884332924974 0.056805593149146
9600 1.41339045884325 0.0476037343562631 0.0201865291575685
9700 1.31708994986 0.0224256295426946 0.0761139798256794
9800 1.4071369857461 0.0500268955956083 0.0139330560604203
9900 1.4210695717836 0.0357909696774587 0.0278656420979269
10000 1.47738839812481 0.0766593845013377 0.0841844684391302
