100 3.12558033226962 0.0180281198230359 0.0160123213201775
200 3.13649358198813 0.00993941509883006 0.00509907160166811
300 3.13194430536475 0.00677258537462427 0.00964834822504557
400 3.13893056426627 0.00493388065041828 0.00266208932352274
500 3.13776831722254 0.00368892592621256 0.00382433636724855
600 3.14410825888544 0.00572261703533994 0.00251560529564454
700 3.14300678669959 0.00479165040637208 0.0014141331098001
800 3.1419637518771 0.00300874925359484 0.000371098287304417
900 3.14458668764863 0.00394782230716678 0.00299403405884124
1000 3.14307537475451 0.00292508980518302 0.00148272116471571
1100 3.14476577416505 0.00395392769461345 0.00317312057526165
1200 3.14374930178044 0.00314741994010448 0.00215664819065076
1300 3.14330322710046 0.00316167995948829 0.00171057351066395
1400 3.14504091173697 0.00326837358693083 0.00344825814717442
1500 3.14286419206552 0.00258443076748682 0.00127153847572625
1600 3.14514624321753 0.00257645520994776 0.00355358962773389
1700 3.14422077062012 0.00296201519162392 0.00262811703032506
1800 3.14452889930468 0.00243203187264696 0.00293624571488804
1900 3.1443128044344 0.00268122919522462 0.00272015084461108
2000 3.1431970612293 0.00173726131312396 0.00160440763950742
2100 3.14475653438351 0.00248309899963256 0.00316388079371599
2200 3.1444498103392 0.00238140726243941 0.00285715674940468
2300 3.1439022227277 0.00197242091768024 0.00230956913790292
2400 3.14377792488723 0.00192606220796709 0.00218527129743462
2500 3.14285784227722 0.00177069081709452 0.00126518868742265
2600 3.14416015956642 0.00212585628519629 0.0025675059766268
2700 3.14341550492225 0.0019929920168309 0.0018228513324563
2800 3.1428724342084 0.00149274628733392 0.00127978061860468
2900 3.14307713784746 0.00186193873061596 0.00148448425766379
3000 3.14265402269601 0.0014276880293983 0.00106136910621535
3100 3.14346305642563 0.00163052396379448 0.00187040283584183
3200 3.14319705002804 0.00123335149765336 0.0016043964382515
3300 3.14237395219124 0.00136907859162921 0.000781298601446601
3400 3.14277541399088 0.00143921410806486 0.00118276040108833
3500 3.14163874188735 0.00115250518217835 4.60882975570343E-05
3600 3.14263049605663 0.00107905343416315 0.00103784246684002
3700 3.14221826888066 0.00118995456581289 0.000625615290862136
3800 3.14193708104974 0.0010173238103125 0.000344427459951557
3900 3.14207263557646 0.00100164118462237 0.000479981986664768
4000 3.1413358125379 0.000531526204005928 0.000256841051889278
4100 3.14242552411913 0.00075267761547082 0.000832870529333007
4200 3.14178870023698 0.000800405818094263 0.000196046647182868
4300 3.1410383958346 0.000676817372957994 0.000554257755193799
4400 3.14106368990923 0.000567598642409628 0.000528963680558547
4500 3.14037843341676 0.000483944423254334 0.00121422017302919
4600 3.14137128857985 0.0005481684430097 0.000221365009945185
4700 3.14060607719995 0.000533910122596515 0.000986576389838234
4800 3.14028144894219 0.000197864972858786 0.00131120464760004
4900 3.14030030449368 0.00039838218742827 0.00129234909611542
5000 3.14051931636283 0.000342330524446877 0.00107333722696801
5100 3.14087858576113 0.00045227776102541 0.00071406782866168
5200 3.14097826581455 0.00045873117218892 0.000614387775244918
5300 3.1405308849874 0.000463731092395225 0.00106176860239549
5400 3.14136784262401 0.000634820655401325 0.000224810965785416
5500 3.14123692650191 0.000566633607963218 0.000355727087878233
5600 3.14158810091915 0.000541240572068669 4.55267064269904E-06
5700 3.14125707923429 0.000568039450619784 0.000335574355503354
5800 3.14139842446888 0.00063288130838618 0.000194229120916489
5900 3.14195067843489 0.00074574912947506 0.000358024845101834
6000 3.14176019522046 0.000598252032387947 0.000167541630664569
6100 3.14165211989195 0.000607907963919907 5.94663021553643E-05
6200 3.14199952734533 0.000647090063814693 0.000406873755532278
6300 3.14183355566005 0.000698426302230548 0.000240902070253846
6400 3.14250468349576 0.00065163626056447 0.00091202990596706
6500 3.14161430504706 0.000647066151742981 2.1651457262184E-05
6600 3.1420336100742 0.000700552569728397 0.00044095648441056
6700 3.14201337183384 0.000750610707349664 0.000420718244051876
6800 3.14200069187805 0.000661247510799434 0.000408038288256751
6900 3.14205571155304 0.00070913166127401 0.000463057963249192
7000 3.14193710500361 0.000678559701043302 0.000344451413820668
7100 3.14216728040802 0.000690584353094825 0.000574626818229618
7200 3.14230559941045 0.000601286661361777 0.000712945820656508
7300 3.141874208991 0.00056813749271134 0.000281555401203004
7400 3.14224030431929 0.000701561146883689 0.000647650729492799
7500 3.14190918188608 0.000660519710966256 0.000316528296290919
7600 3.14207418884392 0.000607122004304073 0.000481535254130527
7700 3.14187290369779 0.00055047362835503 0.000280250107993485
7800 3.14196289987962 0.000542282140912675 0.000370246289825182
7900 3.14214670828122 0.000640042850007516 0.000554054691424888
8000 3.1420587914784 0.000455016923269824 0.000466137888611495
8100 3.14178496550531 0.00046739244597771 0.000192311915519383
8200 3.14213175970576 0.000415386152449571 0.000539106115962085
8300 3.14178145234432 0.000472664751781648 0.00018879875452571
8400 3.14196813678476 0.000488521129124952 0.000375483194965831
8500 3.14140525083947 0.000397321657019833 0.000187402750327692
8600 3.1416001256222 0.000428999969749544 7.47203240525351E-06
8700 3.14171979282218 0.000376373500021232 0.000127139232385609
8800 3.14148233262452 0.000332870251781747 0.000110320965274191
8900 3.14137273171475 0.000372357560262215 0.000219921875038942
9000 3.14122992119164 0.000319760045794315 0.000362732398156318
9100 3.14126267327656 0.000331787922320914 0.000329980313233946
9200 3.14133987684616 0.000228854220570729 0.000252776743629113
9300 3.14083660901619 0.00021313008016588 0.000756044573601233
9400 3.14112717338298 0.000275806618828645 0.000465480206808699
9500 3.14085339152088 0.000207171183536525 0.000739262068914393
9600 3.14100186378054 0.000119562950558927 0.000590789809250758
9700 3.14062838860366 0.000103774893019437 0.000964264986128782
9800 3.14060296429735 8.98469545277947E-05 0.000989689292438367
9900 3.14096834582423 0.000262776429456324 0.000624307765566989
10000 3.14114216815619 0.000198598220401747 0.000450485433605152
