0 0.999999989064903 0 -1.09350976051914E-08 -Infinity
0.125 0.941742690235098 0.603075772861968 -0.0600231943354142 -0.505712430345225
0.25 0.906402468407809 0.690194223521571 -0.0982718459624626 -0.370782237635245
0.375 0.888913561223765 0.73030935314015 -0.11775527966485 -0.314287063180588
0.5 0.886226918049109 0.76017345053314 -0.120782245989367 -0.274208647355273
0.625 0.896574273038643 0.79071668411086 -0.109174141584319 -0.23481554969678
0.75 0.919062520102744 0.826410167936636 -0.0844011283607229 -0.190664057360054
0.875 0.953445806176854 0.869647665405036 -0.0476726922880768 -0.139667131654046
1 0.999999989064903 0.922137008895789 -1.09350976051914E-08 -0.0810614667953273
1.125 1.05946052651448 0.985442959467702 0.0577598413209692 -0.014664033853704
1.25 1.13300308550976 1.06124181711604 0.124871705351747 0.05943974800454
1.375 1.22225614668268 1.15146987574153 0.200698451453684 0.141039279051925
1.5 1.32934037707366 1.25843482878974 0.284682862118797 0.229868749421002
1.625 1.45693319368779 1.38492036769992 0.376333674197382 0.325642641740787
1.75 1.6083594101798 1.53429970095015 0.4752146595747 0.428074056059374
1.875 1.7877108865816 1.7106682768282 0.580935967134297 0.536884099332811
2 1.99999997812981 1.91900435148898 0.693147169624848 0.651806484604536
2.125 2.25135361884328 2.16536624719452 0.811531643697349 0.772589514442671
2.25 2.54925694239696 2.45713645146696 0.935801921568076 0.898996627799577
2.375 2.90285834837136 2.80332486913501 1.06569588894029 1.03080616597866
2.5 3.32335094268416 3.21494653865174 1.20097359399295 1.16781072882714
2.625 3.82444963343046 3.70549307417354 1.34141457024097 1.30981633334088
2.75 4.42298837799446 4.29152220420804 1.48681557125318 1.45664149615973
2.875 5.1396687989221 4.99339634647747 1.63698864138361 1.60811630879611
3 5.99999993438942 5.83620959134586 1.79175945829296 1.76408154354306
