# Solution of general relativity problem
# Phi:, inverse r:, derivative of inverse r:, x:, y:
0.00000 1.00000 0.00000 1 0
0.20000 1.00000 0.00000 0.980066577841242 0.198669330795061
0.40000 1.00000 0.00000 0.921060994002885 0.389418342308651
0.60000 1.00000 0.00000 0.825335614909678 0.564642473395035
0.80000 1.00000 0.00000 0.696706709347165 0.717356090899523
1.00000 1.00000 0.00000 0.54030230586814 0.841470984807897
1.20000 1.00000 0.00000 0.362357754476674 0.932039085967226
1.40000 1.00000 0.00000 0.169967142900241 0.98544972998846
1.60000 1.00000 0.00000 -0.0291995223012886 0.999573603041505
1.80000 1.00000 0.00000 -0.227202094693087 0.973847630878195
2.00000 1.00000 0.00000 -0.416146836547142 0.909297426825682
2.20000 1.00000 0.00000 -0.588501117255345 0.80849640381959
2.40000 1.00000 0.00000 -0.737393715541245 0.675463180551151
2.60000 1.00000 0.00000 -0.856888753368947 0.515501371821464
2.80000 1.00000 0.00000 -0.942222340668658 0.334988150155905
3.00000 1.00000 0.00000 -0.989992496600446 0.141120008059867
3.20000 1.00000 0.00000 -0.998294775794753 -0.0583741434275805
3.40000 1.00000 0.00000 -0.966798192579461 -0.255541102026832
3.60000 1.00000 0.00000 -0.896758416334147 -0.442520443294853
3.80000 1.00000 0.00000 -0.790967711914416 -0.61185789094272
4.00000 1.00000 0.00000 -0.653643620863611 -0.756802495307929
4.20000 1.00000 0.00000 -0.490260821340699 -0.871575772413589
4.40000 1.00000 0.00000 -0.307332869978419 -0.951602073889516
4.60000 1.00000 0.00000 -0.112152526935053 -0.993691003633465
4.80000 1.00000 0.00000 0.0874989834394482 -0.996164608835841
5.00000 1.00000 0.00000 0.283662185463228 -0.958924274663138
5.20000 1.00000 0.00000 0.468516671300379 -0.883454655720152
5.40000 1.00000 0.00000 0.634692875942636 -0.772764487555986
5.60000 1.00000 0.00000 0.775565878510251 -0.63126663787232
5.80000 1.00000 0.00000 0.88551951694132 -0.464602179413755
6.00000 1.00000 0.00000 0.960170286650367 -0.279415498198923
6.20000 1.00000 0.00000 0.996542097023218 -0.0830894028174937
6.40000 1.00000 0.00000 0.993184918758192 0.116549204850496
6.60000 1.00000 0.00000 0.950232591958528 0.311541363513381
6.80000 1.00000 0.00000 0.869397490349823 0.494113351138611
7.00000 1.00000 0.00000 0.753902254343302 0.656986598718792
7.20000 1.00000 0.00000 0.608351314532252 0.793667863849155
7.40000 1.00000 0.00000 0.438547327574387 0.898708095811628
7.60000 1.00000 0.00000 0.251259842582251 0.967919672031487
7.80000 1.00000 0.00000 0.0539554205626453 0.998543345374605
8.00000 1.00000 0.00000 -0.145500033808617 0.989358246623381
8.20000 1.00000 0.00000 -0.339154860983838 0.940730556679772
8.40000 1.00000 0.00000 -0.519288654116687 0.85459890808828
8.60000 1.00000 0.00000 -0.678720047320014 0.734397097874112
8.80000 1.00000 0.00000 -0.811093014061656 0.584917192891762
9.00000 1.00000 0.00000 -0.911130261884677 0.412118485241757
9.20000 1.00000 0.00000 -0.974843621404164 0.222889914100248
9.40000 1.00000 0.00000 -0.999693042035206 0.0247754254533595
9.60000 1.00000 0.00000 -0.984687855794127 -0.174326781222978
9.80000 1.00000 0.00000 -0.930426272104755 -0.366479129251925
10.00000 1.00000 0.00000 -0.839071529076454 -0.544021110889367
10.20000 1.00000 0.00000 -0.714265652027203 -0.69987468759354
10.40000 1.00000 0.00000 -0.560984257427233 -0.827826469085651
10.60000 1.00000 0.00000 -0.385338190771835 -0.922775421612805
10.80000 1.00000 0.00000 -0.194329906455342 -0.98093623006649
11.00000 1.00000 0.00000 0.00442569798804368 -0.999990206550703
11.20000 1.00000 0.00000 0.203004863818743 -0.979177729151319
11.40000 1.00000 0.00000 0.393490866347883 -0.919328525664679
11.60000 1.00000 0.00000 0.568289629767966 -0.822828594968714
11.80000 1.00000 0.00000 0.720432478990831 -0.69352508477713
12.00000 1.00000 0.00000 0.843853958732486 -0.536572918000444
12.20000 1.00000 0.00000 0.933633644074633 -0.358229282236839
12.40000 1.00000 0.00000 0.986192302278862 -0.165604175448322
12.60000 1.00000 0.00000 0.999434585501005 0.0336230472211243
12.80000 1.00000 0.00000 0.972832565697439 0.231509825101525
13.00000 1.00000 0.00000 0.907446781450202 0.420167036826628
13.20000 1.00000 0.00000 0.805883957640459 0.592073514707212
13.40000 1.00000 0.00000 0.67219308355348 0.740375889952438
13.60000 1.00000 0.00000 0.511703992453163 0.859161814856488
13.80000 1.00000 0.00000 0.330814877949064 0.943695669444099
14.00000 1.00000 0.00000 0.136737218207851 0.990607355694868
14.20000 1.00000 0.00000 -0.062791722924064 0.998026652716363
14.40000 1.00000 0.00000 -0.259817356213737 0.965657776549283
14.60000 1.00000 0.00000 -0.446484891412248 0.894791172140513
14.80000 1.00000 0.00000 -0.615352482954704 0.788252067375329
15.00000 1.00000 0.00000 -0.759687912858807 0.650287840157133
15.20000 1.00000 0.00000 -0.87373698301107 0.486398688853818
15.40000 1.00000 0.00000 -0.952952916887173 0.303118356745724
15.60000 1.00000 0.00000 -0.994177625183813 0.107753652299467
15.80000 1.00000 0.00000 -0.995767608873291 -0.0919068502276569
16.00000 1.00000 0.00000 -0.957659480323392 -0.287903316665041
16.20000 1.00000 0.00000 -0.881372490362246 -0.472421986398444
16.40000 1.00000 0.00000 -0.769947960542088 -0.638106682347928
16.60000 1.00000 0.00000 -0.627828035246408 -0.778352078534281
16.80000 1.00000 0.00000 -0.460678587411388 -0.887567033581491
17.00000 1.00000 0.00000 -0.275163338051624 -0.961397491879549
17.20000 1.00000 0.00000 -0.0786781947318685 -0.996900066041594
17.40000 1.00000 0.00000 0.120943599928446 -0.992659380470637
17.60000 1.00000 0.00000 0.315743754919213 -0.948844497918134
17.80000 1.00000 0.00000 0.497956202788388 -0.867202179485597
18.00000 1.00000 0.00000 0.660316708244056 -0.750987246771697
18.20000 1.00000 0.00000 0.796352470291904 -0.60483282240631
18.40000 1.00000 0.00000 0.900640172384755 -0.434565622071926
18.60000 1.00000 0.00000 0.969022192939041 -0.246973661736655
18.80000 1.00000 0.00000 0.998772356587208 -0.0495356408784029
19.00000 1.00000 0.00000 0.988704618186675 0.149877209662917
19.20000 1.00000 0.00000 0.939220346696883 0.343314928819862
19.40000 1.00000 0.00000 0.852292323865483 0.523065765157666
19.60000 1.00000 0.00000 0.731386095645523 0.681963620068107
19.80000 1.00000 0.00000 0.581321811814468 0.813673737507083
20.00000 1.00000 0.00000 0.408082061813428 0.912945250727612
