# Solution of general relativity problem
# Phi:, inverse r:, derivative of inverse r:, x:, y:
0.00000 1.00000 -0.50000 1 0
0.20000 0.90064 -0.49000 1.08818430785632 0.220585879685534
0.40000 0.80529 -0.46031 1.143759230262 0.483573646423954
0.60000 0.71759 -0.41256 1.15015216542019 0.786861431557854
0.80000 0.64131 -0.34810 1.0863734548107 1.11857199642911
1.00000 0.57925 -0.26988 0.932758170239104 1.45268477956535
1.20000 0.53393 -0.18089 0.678664049235141 1.74562683511898
1.40000 0.50724 -0.08466 0.335085183913777 1.94278493111328
1.60000 0.50025 0.01497 -0.0583698138271136 1.99814656260507
1.80000 0.51322 0.11399 -0.442701727539367 1.89753544804363
2.00000 0.54559 0.20846 -0.762749576117666 1.66663822950293
2.20000 0.59605 0.29464 -0.987334761053406 1.35642325948448
2.40000 0.66272 0.36901 -1.11267923052329 1.01923007498215
2.60000 0.74284 0.42860 -1.15352664701671 0.693957723954041
2.80000 0.83311 0.47132 -1.13096535424369 0.402091921997573
3.00000 0.93016 0.49490 -1.06432499482677 0.151715848720104
3.20000 1.02994 0.49897 -0.969274109837151 -0.0566771932300557
3.40000 1.12857 0.48320 -0.856655162292856 -0.22642843760933
3.60000 1.22203 0.44792 -0.73382859131055 -0.362119995323446
3.80000 1.30661 0.39480 -0.60535753901883 -0.468278011240001
4.00000 1.37897 0.32595 -0.474006981985972 -0.548815371725652
4.20000 1.43623 0.24411 -0.341351625082395 -0.606848015067209
4.40000 1.47612 0.15252 -0.208203845596761 -0.64466651834398
4.60000 1.49703 0.05482 -0.0749165111957748 -0.66377339176635
4.80000 1.49792 -0.04509 0.0584137367249716 -0.665032837044787
5.00000 1.47893 -0.14317 0.19180233524955 -0.648390672544239
5.20000 1.44086 -0.23550 0.325165262723612 -0.613145236506356
5.40000 1.38522 -0.31844 0.458190645881457 -0.557865816819932
5.60000 1.31421 -0.38867 0.59013700134886 -0.480338048704683
5.80000 1.23067 -0.44339 0.71954164183758 -0.377519194756318
6.00000 1.13792 -0.48042 0.843793690513028 -0.245549188190676
6.20000 1.03966 -0.49829 0.958526512910529 -0.0799197502848844
6.40000 0.93980 -0.49634 1.0568089681357 0.124015420078159
6.60000 0.84233 -0.47448 1.12810096554021 0.369856933933178
6.80000 0.75121 -0.43357 1.15733226777526 0.657758196404712
7.00000 0.66985 -0.37563 1.12547842847145 0.980795906091185
7.20000 0.60191 -0.30241 1.01070934931941 1.31859258143212
7.40000 0.54973 -0.21725 0.797745646603157 1.63480752457471
7.60000 0.51550 -0.12343 0.487405950715282 1.87761722332567
7.80000 0.50063 -0.02468 0.107775143025362 1.99457535021566
8.00000 0.50570 0.07506 -0.287722635324188 1.95643089934003
8.20000 0.53048 0.17181 -0.639332386384506 1.7733477562498
8.40000 0.57399 0.26170 -0.904693385414779 1.48886360832453
8.60000 0.63447 0.34118 -1.0697386931183 1.15749195093291
8.80000 0.70957 0.40705 -1.14307816817322 0.824327249516798
9.00000 0.79632 0.45654 -1.14417391488564 0.517527778827616
9.20000 0.89111 0.48806 -1.09397146794184 0.250127508826962
9.40000 0.99030 0.49984 -1.00948684989281 0.0250181457147576
9.60000 1.08985 0.49174 -0.903508523690379 -0.159954986563172
9.80000 1.18583 0.46409 -0.784622427055708 -0.309049467410711
10.00000 1.27441 0.41792 -0.658401795987312 -0.426881933246879
10.20000 1.35203 0.35504 -0.528290995860892 -0.517647033197308
10.40000 1.41558 0.27795 -0.396292934530592 -0.584796768131421
10.60000 1.46251 0.18977 -0.263476941982118 -0.630952373902547
10.80000 1.49097 0.09401 -0.130338208230549 -0.657919683837637
11.00000 1.49983 -0.00548 0.00295080387071837 -0.666736632310202
11.20000 1.48876 -0.10475 0.136358584655172 -0.657714730382789
11.40000 1.45820 -0.19984 0.269847387358842 -0.630455296402598
11.60000 1.40935 -0.28698 0.403226835044921 -0.583833581952152
11.80000 1.34416 -0.36267 0.535973031706231 -0.515955003545932
12.00000 1.26520 -0.42388 0.666973864368253 -0.424101953816346
12.20000 1.17563 -0.46814 0.794155903729368 -0.304712561701962
12.40000 1.07905 -0.49368 0.913945957988736 -0.153472366826742
12.60000 0.97933 -0.49951 1.02053295714643 0.0343328400944292
12.80000 0.88043 -0.48546 1.10495275104143 0.262951125567696
13.00000 0.78623 -0.45219 1.15417870238886 0.534409130391235
13.20000 0.70072 -0.40052 1.15008366942045 0.844953015760277
13.40000 0.62693 -0.33317 1.07220050281429 1.18095740777646
13.60000 0.56827 -0.25230 0.900461727295831 1.5118942655174
13.80000 0.52675 -0.16145 0.628029234119522 1.7915411549723
14.00000 0.50410 -0.06417 0.271252816402899 1.96511994834653
14.20000 0.50123 0.03567 -0.125276009180327 1.99116683355078
14.40000 0.51826 0.13409 -0.501324326650302 1.8632617222267
14.60000 0.55453 0.22716 -0.805162787244366 1.61361015348916
14.80000 0.60857 0.31116 -1.01113813973724 1.29524419113881
15.00000 0.67821 0.38277 -1.12014117457625 0.95883345352323
15.20000 0.76068 0.43916 -1.14862409595656 0.639424981570336
15.40000 0.85279 0.47784 -1.11745936108462 0.355445100444769
15.60000 0.95071 0.49763 -1.04572515168185 0.113340615943051
15.80000 1.05062 0.49757 -0.947792016734639 -0.0874788235254634
16.00000 1.14848 0.47745 -0.833845894600715 -0.250680960796218
16.20000 1.24042 0.43836 -0.710543708249338 -0.38085653199376
16.40000 1.32276 0.38181 -0.582075563270568 -0.482404429375822
16.60000 1.39222 0.31001 -0.450953387496834 -0.559071093954057
16.80000 1.44603 0.22584 -0.318581538384579 -0.613795558779295
17.00000 1.48204 0.13266 -0.185664730042723 -0.648696905109063
17.20000 1.49884 0.03417 -0.0524927386807826 -0.665114582711443
17.40000 1.49575 -0.06570 0.0808581578769129 -0.663653214817323
17.60000 1.47289 -0.16299 0.214370525539605 -0.644206862384709
17.80000 1.43105 -0.25377 0.347966479311622 -0.605991626486886
18.00000 1.37193 -0.33436 0.481303585403717 -0.547393167476975
18.20000 1.29801 -0.40161 0.613516110340894 -0.465967890415667
18.40000 1.21222 -0.45284 0.742966325712462 -0.358486811283163
18.60000 1.11797 -0.48604 0.866771394186556 -0.220913108771603
18.80000 1.01899 -0.49990 0.980157473247652 -0.0486124073006811
19.00000 0.91926 -0.49356 1.07554671324423 0.16304155687956
19.20000 0.82278 -0.46759 1.14152364127207 0.417263221594144
19.40000 0.73329 -0.42315 1.16228769092924 0.713315001632224
19.60000 0.65457 -0.36162 1.11735433823079 1.04185055463235
19.80000 0.58946 -0.28583 0.986188850012472 1.38036445763635
20.00000 0.54080 -0.19855 0.754586914023534 1.68813237307635
