Solution of odeint manual problem
t value, x(t) value, y(t) value
0, 10 5
0.00394530483986938, 9.8601625698353 5.13861165253019
0.00776134673779656, 9.72169053423079 5.27353455516289
0.0115495290738554, 9.58125890256897 5.40811831186442
0.0153756191204156, 9.43658583846115 5.54451100830861
0.0192871763859824, 9.28592082428698 5.68422360899689
0.023322704520508, 9.1277678520158 5.82842303388625
0.0275164589549241, 8.96074055284609 5.97807746870228
0.0319001655525399, 8.78352468284412 6.13399132169259
0.0365012420679322, 8.59498142255075 6.2967134018073
0.0413356941502817, 8.39448175282022 6.46625986591535
0.0463937254033066, 8.18256637425401 6.64160639611537
0.0516214561351491, 7.96178668566441 6.82011551241348
0.0569149330736018, 7.73700316033395 6.99749845345661
0.0621440272651512, 7.51432904564534 7.16885530183267
0.0671944675768592, 7.29921486337579 7.33022475466146
0.0717212863461322, 7.10678765293246 7.47104476742282
0.0760860363444133, 6.92193332508361 7.60311728599811
0.0802556772667715, 6.74625515312779 7.72565311683814
0.0842264166633187, 6.58002581524535 7.83885308017252
0.0880103790080314, 6.42278413233608 7.94340619979636
0.0916266564531128, 6.27374098372454 8.04017328007142
0.0950961166236314, 6.13201684101189 8.13001630314577
0.0984387574630558, 5.99676374741939 8.21372046620915
0.101672573565107, 5.86721828613273 8.29196770593849
0.104813235715254, 5.74271727246256 8.36533577051861
0.107874166654596, 5.62269521681636 8.43430827889585
0.110866783148356, 5.50667408390542 8.4992882717629
0.113800786002117, 5.39425077077299 8.56061172852022
0.116684441910106, 5.28508487564685 8.61855960684348
0.119524834000537, 5.17888781980785 8.6733679865971
0.122328074510948, 5.07541362747574 8.72523636464227
0.125099480750724, 4.97445131666337 8.77433432862817
0.127843718641966, 4.87581871167918 8.82080688377151
0.130564918988828, 4.77935744924918 8.86477869284062
0.133266771436135, 4.68492895896289 8.90635745364583
0.135952600470295, 4.5924112262152 8.94563659793385
0.13862542709925, 4.50169617798988 8.98269745823763
0.141288019164799, 4.412687562367 9.01761101756169
0.14394293264547, 4.32529921909771 9.05043933113357
0.146592545814607, 4.23945366042952 9.08123668922724
0.149239087720719, 4.15508089888312 9.11005057436844
0.151884662142417, 4.07211747248964 9.13692245416255
0.154531267923891, 3.9905056287689 9.16188844174622
0.157180816405182, 3.91019263708283 9.18497984880119
0.159835146512937, 3.83113020546028 9.2062236506637
0.162496037962211, 3.75327398298825 9.22564287891489
0.16516522293079, 3.67658313273706 9.2432569536401
0.167844396498298, 3.6010199631964 9.25908196506707
0.170535226088684, 3.52654960854749 9.27313091236091
0.173239360112829, 3.45313974993749 9.28541390583575
0.175958435975457, 3.3807603713732 9.29593833764196
0.17869408758515, 3.30938354500143 9.30470902502944
0.181447952486529, 3.23898324146058 9.31172832951557
0.184221678718429, 3.16953516172349 9.31699625465919
0.187016931490226, 3.10101658744579 9.32051052462702
0.189835399759756, 3.03340624731592 9.32226664531022
0.192678802789938, 2.96668419729677 9.3222579493896
0.195548896756947, 2.9008317129726 9.32047562643983
0.198447481480285, 2.83583119248246 9.31690873889719
0.201376407344174, 2.77166606874324 9.3115442244803
0.204337582480228, 2.70832072985206 9.30436688544173
0.20733298028326, 2.64578044671393 9.29535936483474
0.210364647335346, 2.58403130707358 9.2845021097969
0.213434711817871, 2.52306015524385 9.27177332167793
0.216545392497328, 2.46285453692146 9.25714889266765
0.219699008378151, 2.40340264856621 9.24060232840867
0.222897989125018, 2.34469329089663 9.22210465590404
0.226144886367951, 2.28671582612363 9.20162431584966
0.229442386016402, 2.22946013860856 9.17912703833282
0.232793321723514, 2.17291659869386 9.15457570063951
0.236200689659102, 2.11707602951615 9.12793016570319
0.239667664769937, 2.06192967667622 9.09914709950598
0.243197618728744, 2.00746918071028 9.06817976551094
0.24679413979926, 1.95368655238609 9.03497779396457
0.250461054873838, 1.90057415094147 8.99948692366817
0.254202453972339, 1.848124665496 8.96164871358692
0.258022717526308, 1.79633110000912 8.9214002214653
0.26192654680975, 1.74518676233846 8.8786736464768
0.265918997915991, 1.69468525818658 8.83339593290187
0.270005519716318, 1.64482049103092 8.78548833197242
0.274191996266135, 1.59558666953792 8.73486591945393
0.278484794140826, 1.546978324503 8.6814370674229
0.282890815174844, 1.49899033808397 8.62510287028853
0.2874175550251, 1.45161798907318 8.56575652777749
0.292073167854529, 1.40485701927607 8.50328269191453
0.296866537188374, 1.35870372785653 8.4375567918295
0.301807352564272, 1.31315510294112 8.36844436076065
0.306906190870029, 1.26820900306806 8.29580040576701
0.312174600076267, 1.22386440550898 8.21946888515396
0.317625181178543, 1.18012174442797 8.13928239544558
0.323271661200486, 1.13698336965034 8.05506222459367
0.32912894555113, 1.09445416680391 7.96661900883158
0.3352131311529, 1.05254239177406 7.87375434734209
0.34154145164049, 1.01126078596485 7.77626389349884
0.348132111578573, 0.970628051098478 7.6739426640922
0.35500394741054, 0.930670766747745 7.56659358870665
0.362175829503394, 0.891425817069268 7.45404063069123
0.3696656966292, 0.852943330699329 7.33614805212752
0.37748910350874, 0.815289990578826 7.21284734376201
0.38565718812807, 0.778552290620157 7.08417258055089
0.394174067200855, 0.742838876155723 6.95030289495895
0.403033885775855, 0.708280571841548 6.81160687311904
0.412218079412984, 0.675026343687638 6.66867831036976
0.42169374127756, 0.643233766038256 6.52234817620791
0.431414066828046, 0.613054040710371 6.37365817253765
0.441321414469892, 0.584614045983057 6.22379062705176
0.451352605159192, 0.557999991663931 6.07396575539189
0.461445165593206, 0.533247376660517 5.92533153521977
0.471542894089322, 0.510339674623244 5.77887400131455
0.481599567656724, 0.489214929140592 5.63536548619581
0.49158044191611, 0.469777169384934 5.49535292875111
0.501461906153429, 0.451909117073648 5.35917677611225
0.511229981029384, 0.435483573870479 5.2270068588242
0.520878327593815, 0.420372205499072 5.09888331627646
0.530406245581716, 0.406451508026252 4.97475478843417
0.539816924723145, 0.393606345109885 4.85451011221571
0.549116048364243, 0.381731659591823 4.73800258453668
0.558310748892666, 0.370732947367123 4.62506741146007
0.567408866523042, 0.360525968187771 4.51553359697321
0.576418448035358, 0.35103603603357 4.40923161945027
0.585347424504414, 0.342197116994985 4.30599808371853
0.594203416773025, 0.333950875856342 4.20567829302035
0.602993628793239, 0.326245752335549 4.108127444572
0.611724799357826, 0.319036108681667 4.01321094985208
0.620403191232248, 0.312281466115321 3.92080422417379
0.629034603182497, 0.30594583348986 3.83079217543072
0.637624395136709, 0.299997123916698 3.74306854105846
0.64617752007826, 0.294406651434152 3.65753516687627
0.654698558589815, 0.289148698464777 3.57410128444605
0.663191753538604, 0.284200144766069 3.4926828193701
0.671661043435138, 0.279540149201326 3.413201747467
0.680110093674842, 0.275149876569276 3.33558550611862
0.688542325302098, 0.271012262722547 3.25976646226696
0.696960941201423, 0.267111812164711 3.1856814351983
0.70536894977735, 0.26343442319024 3.11327127047542
0.713769186271609, 0.259967236400998 3.04248046057222
0.722164331908839, 0.256698503094927 2.97325680753977
0.730556931077494, 0.253617470584351 2.9055511231434
0.738949406751658, 0.250714281973666 2.8393169622001
0.747344074349483, 0.247979888321311 2.77451038521895
0.755743154209187, 0.245405971440297 2.71108974684761
0.764148782846981, 0.24298487586584 2.6490155070215
0.772563023144378, 0.240709548746988 2.58825006208159
0.780987873596243, 0.238573486609394 2.52875759346385
0.789425276735936, 0.236570688095107 2.47050393186474
0.797877126840397, 0.234695611918047 2.41345643505377
0.806345277005944, 0.232943139385011 2.3575838777378
0.814831545674906, 0.231308540925566 2.30285635208553
0.823337722683892, 0.229787446152937 2.2492451776977
0.831865574896387, 0.228375817044538 2.19672281996198
0.840416851475316, 0.227069923887251 2.14526281586462
0.848993288845178, 0.225866323680485 2.09483970644594
0.857596615388063, 0.224761840731025 2.04542897518657
0.866228555913444, 0.223753549208657 1.99700699169789
0.874890835937738, 0.222838757461671 1.94955096016488
0.8835851858064, 0.222014993917237 1.90303887205517
0.892313344688533, 0.221279994414061 1.85744946266436
0.901077064471669, 0.220631690834194 1.8127621711175
0.909878113582445, 0.220068200917798 1.76895710348944
0.918718280757317, 0.219587819159526 1.72601499874475
0.927599378786171, 0.219189008698178 1.68391719723066
0.936523248250706, 0.218870394122858 1.64264561148583
0.945491761278739, 0.218630755129042 1.60218269915286
0.95450682533508, 0.218469020967129 1.56251143780514
0.963570387069354, 0.218384265634282 1.52361530151852
0.972684436241136, 0.218375703767794 1.48547823903536
0.981851009742846, 0.218442687205053 1.44808465338469
0.991072195741289, 0.218584702181462 1.41141938283525
1.00035013795922, 0.218801367143543 1.37546768307108
1.00968704011909, 0.219092431159987 1.34021521048974
1.01908517057215, 0.219457772918704 1.30564800653323
1.02854686713714, 0.219897400303063 1.27175248297047
1.03807454217438, 0.220411450545515 1.23851540805778
1.04767068792246, 0.221000190961833 1.20592389351113
1.05733788212696, 0.221664020274224 1.17396538223022
1.06707879399239, 0.222403470536784 1.1426276367203
1.07689619049133, 0.223219209682108 1.11189872816284
1.08679294306725, 0.224112044713528 1.08176702609133
1.09677203477066, 0.225082925573457 1.05222118863273
1.10683656787177, 0.226132949724721 1.02325015327952
1.11698977199641, 0.227263367488785 0.994843128161475
1.12723501283648, 0.228475588192343 0.966989583789807
1.13757580149065, 0.229771187182164 0.939679245250538
1.14801580449624, 0.23115191377731 0.912902084827519
1.15855885461891, 0.232619700238154 0.886648315039456
1.16920896247279, 0.234176671843125 0.860908382079264
1.17997032905039, 0.235825158176973 0.835672959648343
1.19084735924881, 0.237567705748782 0.810932943182901
1.20184467648628, 0.239407092074281 0.786679444474496
1.21296713851123, 0.241346341375281 0.762903786692573
1.22421985451436, 0.243388742069808 0.739597499823137
1.23560820366264, 0.245537866249834 0.716752316545009
1.24713785518267, 0.247797591369857 0.694360168573549
1.25881479012872, 0.250172124399318 0.672413183511589
1.27064532497773, 0.252666028725252 0.650903682258843
1.2826361371991, 0.25528425412916 0.629824177044625
1.29479429294969, 0.258032170204054 0.609167370164665
1.30712727704344, 0.260915603624451 0.588926153521574
1.3196430253386, 0.263940879733807 0.569093609090618
1.33234995967051, 0.267114868970632 0.549663010458315
1.34525702543302, 0.270445038716102 0.530627825611619
1.35837373187077, 0.273939511211568 0.511981721190553
1.3717101950842, 0.277607128262958 0.493718568457597
1.385277183662, 0.281457523518298 0.475832451283388
1.39908616673202, 0.285501203171153 0.458317676500468
1.41314936405235, 0.289749636001496 0.441168787034804
1.42747979753272, 0.294215353708524 0.424380578288145
1.44209134326601, 0.298912062506172 0.40794811831139
1.45699878273759, 0.303854766925408 0.391866772377931
1.47221785133759, 0.309059906675441 0.376132232632278
1.48776528159487, 0.314545507227436 0.360740553547345
1.5036588376395, 0.320331344456621 0.345688193964606
1.51991733623591, 0.326439123153937 0.330972066501901
1.53656064825855, 0.332892668420308 0.316589595075364
1.55360967265216, 0.339718127785576 0.302538781168047
1.57108627268385, 0.346944180225024 0.28881827925105
1.5890131616314, 0.354602245927593 0.275427481371067
1.60741372199232, 0.362726687530553 0.262366610290213
1.62631173897033, 0.371354989403962 0.249636819605359
1.64573102570079, 0.380527896314805 0.237240297865798
1.66569491498504, 0.390289486413876 0.22518037171117
1.68622559118764, 0.400687146204111 0.213461600327595
1.70734323791243, 0.411771407641368 0.202089849977878
1.72906498422161, 0.423595601146487 0.191072333045951
1.75140364711612, 0.436215275365526 0.180417591269516
1.77436629341921, 0.449687338354638 0.170135398411134
1.79795268176479, 0.46406888964251 0.160236554989429
1.82215369400776, 0.479415742336693 0.150732549033669
1.84694991901932, 0.495780681010153 0.141635064754567
1.87231059787835, 0.513211561639488 0.132955337749752
1.89819315931458, 0.531749424153418 0.124703381208099
1.92454354812645, 0.551426838360111 0.116887139329487
1.95129746539756, 0.572266718759675 0.109511654322621
1.97838250402831, 0.594281806734274 0.102578351482596
2.00572100535517, 0.617474928633578 0.0960845436632377
2.03323332695153, 0.64184001414149 0.0900232286926061
2.06084114034261, 0.667363734829285 0.0843832066516607
2.08847039111306, 0.694027533040562 0.0791494915360606
2.1160536432299, 0.721809777737858 0.0743039484974184
2.14353166109222, 0.750687807352291 0.0698260639406493
2.17085421649012, 0.780639683162278 0.0656937537071648
2.19798021198792, 0.81164555598677 0.0618841298372483
2.22487727291969, 0.843688622496447 0.0583741709021571
2.25152097872988, 0.876755702244879 0.0551412667632235
2.27789389185485, 0.910837498749557 0.0521636304622759
2.30398451242162, 0.94592862025008 0.0494205853643585
2.32978625144525, 0.982027433822585 0.0468927445790248
2.355296481753, 1.01913581635858 0.044562103305165
2.38051569853678, 1.05725885239453 0.0424120647257269
2.40544680138313, 1.09640451516436 0.0404274179489155
2.43009449631302, 1.13658335533115 0.0385942834156331
2.45446480848192, 1.17780821235095 0.0369000379363274
2.47856469228257, 1.22009395637412 0.0353332285198167
2.50240172435063, 1.26345726369612 0.0338834816114653
2.52598386536711, 1.30791642559699 0.0325414123190433
2.54931927783493, 1.35349118852193 0.031298536640663
2.5724161886831, 1.40020262257324 0.0301471885521204
2.59528278730896, 1.44807301490629 0.0290804429823587
2.61792715133136, 1.49712578462273 0.0280920451312434
2.64035719380753, 1.54738541597332 0.027176346199495
2.66258062693273, 1.59887740701328 0.0263282453547443
2.68460493829521, 1.6516282312241 0.0255431376101501
2.70643737661772, 1.70566530998674 0.0248168672126685
2.7280849446057, 1.76101699413724 0.0241456861047812
2.7495543970689, 1.81771255314613 0.0235262170203884
2.7708522429122, 1.87578217073403 0.0229554207914973
2.79198474992663, 1.93525694596831 0.0224305674695703
2.81295795157115, 1.99616889908185 0.0219492108987572
2.83377765513619, 2.05855098142078 0.0215091664142938
2.85444945083485, 2.12243708906687 0.021108491375952
2.8749787214857, 2.18786207979687 0.0207454682822715
2.89537065254225, 2.25486179314041 0.0204185902456875
2.91563024229413, 2.32347307338283 0.0201265486412881
2.93576231211779, 2.39373379543348 0.0198682227727564
2.95577151669639, 2.46568289354653 0.0196426714282152
2.9756623541597, 2.5393603929423 0.0194491262264614
2.99543917611984, 2.61480744443502 0.0192869866807961
3.01510619759814, 2.69206636223032 0.0191558169337352
3.03466750685393, 2.77118066511367 0.0190553441417703
3.05412707513935, 2.8521951213122 0.0189854585155574
3.07348876641504, 2.93515579737821 0.0189462150479933
3.09275634707175, 3.02011011151572 0.0189378369912278
3.11193349571259, 3.10710689185352 0.0189607211744599
3.13102381305982, 3.19619644026191 0.0190154452881984
3.15003083206013, 3.28743060241902 0.0191027772984862
3.16895802827363, 3.38086284495941 0.0192236871975208
3.18780883064348, 3.4765483406863 0.0193793613465139
3.20658663275782, 3.57454406300559 0.0195712197241689
3.22529480473206, 3.67490889094943 0.0198009364618376
3.24393670585957, 3.77770372640821 0.0200704641267497
3.2625156982023, 3.88299162549092 0.0203820623108183
3.28103516132164, 3.99083794629794 0.0207383311983263
3.29949850838443, 4.10131051582993 0.021142250926273
3.31790920392094, 4.21447981929291 0.0215972277226225
3.33627078356338, 4.33041921571327 0.0221071480182865
3.35458687615671, 4.44920518457991 0.0226764419888841
3.3728612287114, 4.57091760921995 0.0233101583058189
3.39109773476484, 4.69564010384037 0.0240140522809185
3.40930046683843, 4.82346039269301 0.024794690098467
3.42747371382848, 4.9544707517289 0.0256595724744532
3.44562202435968, 5.08876852550816 0.0266172819076057
3.46375025737088, 5.22645673516764 0.0276776587476682
3.4818636415112, 5.36764479711261 0.0288520126818687
3.49996784531981, 5.51244937704489 0.0301533780390646
3.51806906067478, 5.66099541031431 0.0315968236839321
3.53617410266332, 5.81341732784772 0.0331998314343915
3.55429052990178, 5.96986053770574 0.034982761189219
3.57242679049367, 6.13048322650895 0.0369694267404443
3.59059240036116, 6.29545856375423 0.0391878142126116
3.60879816276647, 6.46497741703965 0.0416709861776242
3.62705644065804, 6.63925171966277 0.0444582301853051
3.64538149731938, 6.81851867695123 0.0475965329375429
3.66378992606073, 7.00304605794059 0.0511424940545402
3.68230119690695, 7.19313889939735 0.0551648417604868
3.70093835806685, 7.38914805454532 0.0597477855509573
3.7197289431211, 7.59148115130121 0.0649955521373202
3.73870615165344, 7.8006166751833 0.071038623930893
3.75791039001914, 8.01712201556354 0.0780424723197044
3.77739127271258, 8.24167626232636 0.0862200131919955
3.7972101677097, 8.47509787036334 0.095849704972674
3.81744324065306, 8.7183747369052 0.107302280264596
3.83818446744131, 8.97268604216321 0.121080584540685
3.85954650518245, 9.23938061470452 0.137878253912479
3.88165250363577, 9.51980539842555 0.158660210520306
3.90459865826141, 9.8146883387606 0.184745274652397
3.92834062798017, 10.1224172944158 0.217780564339575
3.95246226043419, 10.4356989494769 0.259303269694841
3.97429407983644, 10.7173354412446 0.305678924753217
3.99209064435454, 10.9435050075779 0.351206639073526
4.00790036865655, 11.140216897596 0.398668766282063
4.0217500612141, 11.3079419045447 0.44664361604613
4.03395086874365, 11.4510599900266 0.494627601776234
4.04483453879155, 11.5741940991109 0.542567794532489
4.05467378762935, 11.6811227453396 0.590574882958854
4.06367540871181, 11.7747030874882 0.638792157169899
4.07238842264087, 11.8608739702395 0.689752666949328
4.08027047862396, 11.9346052913784 0.739821676586433
4.08789169685028, 12.0016508775575 0.792114731391987
4.09519181713233, 12.0615452939923 0.846062543211031
4.10215104190807, 12.1143167257438 0.901265346918595
4.10877365973631, 12.1602609583831 0.957455817203604
4.11507693152782, 12.1997954351649 1.01446407010308
4.12108408858844, 12.2333730056845 1.07218863255342
4.12682019652492, 12.2614353255325 1.1305742110136
4.13230987620241, 12.2843905661441 1.18959558163614
4.13757616454711, 12.302605059329 1.24924639121604
4.14264004236519, 12.3164023845753 1.30953163272948
4.14752033291014, 12.3260660661683 1.37046274429893
4.15223379272764, 12.3318437317753 1.4320545175324
4.15679529106947, 12.3339515960486 1.49432321974421
4.16121801996318, 12.3325787150146 1.55728551097805
4.16551370427789, 12.3278907782783 1.62095786924829
4.16969279690073, 12.3200333747198 1.68535633253396
4.17376465298227, 12.3091347496734 1.75049643224883
4.17773768195898, 12.295308106746 1.81639323790432
4.1816194784449, 12.2786535179817 1.88306146268765
4.1854169341373, 12.2592595046051 1.95051559935189
4.18913633321157, 12.2372043439211 2.01877006850559
4.19278343364026, 12.2125571496521 2.08783936943914
4.19636353665893, 12.1853787647959 2.1577382286353
4.19988154632597, 12.1557224987236 2.22848174416495
4.20334202084212, 12.1236347339493 2.3000855259827
4.20674921703462, 12.0891554227803 2.37256583318385
4.21010712918257, 12.0523184897737 2.44593970986971
4.21341952316622, 12.0131521524369 2.52022512158973
4.21668996676256, 11.9716791697547 2.59544109451163
4.21992185677781, 11.9279170257695 2.67160785959426
4.22311844360243, 11.8818780534664 2.74874700415294
4.22628285369025, 11.8335695025125 2.82688163334629
4.22941811039786, 11.7829935528969 2.90603654430061
4.2325271535713, 11.7301472751291 2.9862384158398
4.23561285823082, 11.6750225363257 3.06751601712244
4.2386780526808, 11.6176058501796 3.14990043891943
4.24172553635902, 11.557878167409 3.23342535181571
4.24475809773741, 11.4958146017612 3.31812729631215
4.24777853259476, 11.431384084934 3.40404601066982
4.25078966300142, 11.3645489417879 3.49122480341749
4.25379435738855, 11.2952643748733 3.57971097878593
4.2567955521205, 11.223477844455 3.66955632500288
4.25979627505332, 11.1491283267482 3.76081767746457
4.26279967164648, 11.0721454287791 3.8535575713998
4.2658090343068, 10.9924483329215 3.94784500189525
4.26882783578724, 10.9099445374047 4.0437563132285
4.27185976765065, 10.8245283505358 4.14137624457104
4.27490878504978, 10.736079085506 4.24079916553938
4.27797915938605, 10.6444588887666 4.34213054309319
4.2810755408107, 10.5495101172517 4.44548869123762
4.28420303304525, 10.4510521571833 4.55100686717676
4.28736728365006, 10.3488775487611 4.65883579209699
4.29057459368254, 10.2427472458468 4.76914669121077
4.29383205166348, 10.132384797796 4.88213496435443
4.29714769786216, 10.0174691944134 4.9980246106564
4.30053072592701, 9.89762607351893 5.11707352740824
4.30399172930605, 9.77241697790792 5.23957975881691
4.3075429984118, 9.64132642396305 5.36588862802274
4.31119886797755, 9.50374684842453 5.49640032016829
4.31497609527372, 9.35896235907753 5.63157661926748
4.31889420220737, 9.20613437455315 5.77194353451369
4.32297560086799, 9.04429735546373 5.91808220172827
4.32724506591454, 8.87238435686961 6.07059119138029
4.33172758555632, 8.68932606188626 6.22998526332305
4.33644271762301, 8.49430787525326 6.39646747226184
4.34139284268845, 8.28730374647079 6.56949737215279
4.34654502802287, 8.06990383478542 6.74718259222942
4.35181639116959, 7.84599654870604 6.92589014401951
4.35708341861694, 7.6213747437632 7.10078062728992
4.36221947632922, 7.4020408186156 7.26727726027563
4.36686473234421, 7.20387229525238 7.41402090772639
4.37135158721895, 7.01302111854152 7.55197480701604
4.37563629026034, 6.83159922009835 7.67997689990287
4.3797096113845, 6.66014493977688 7.79806535024416
4.38358200967243, 6.49828605967596 7.90690493404216
4.387273053361, 6.3452206105301 8.00740370190291
4.39080505860137, 6.20000890873863 8.10049828143957
4.39419976038642, 6.06172775417709 8.18705209932439
4.3974768356832, 5.92953974893097 8.2678181744392
4.40065344000981, 5.80271593880882 8.3434346044157
4.40374424477396, 5.68063528349899 8.41443446489417
4.40676168953247, 5.56277410355629 8.48126059656126
4.40971630109073, 5.44869232745909 8.54428075218516
4.41261700876336, 5.33801980032965 8.60380121535887
4.41547142622255, 5.23044402374257 8.66007830720015
4.41828609102514, 5.12569974547545 8.71332779205691
4.42106666256653, 5.02356037448741 8.76373242917732
4.42381808316436, 4.92383101499791 8.81144798138666
4.42654470811095, 4.82634286138144 8.85660798003934
4.42925041037095, 4.73094870271087 8.89932750524766
4.43193866491772, 4.63751931650129 8.93970619381248
4.43461261687827, 4.54594056814683 8.97783064389541
4.43727513686739, 4.45611106785402 9.0137763486127
4.43992886620306, 4.36794026752317 9.04760926089977
4.44257625412531, 4.2813469053088 9.07938706851944
4.44521958868234, 4.19625772582851 9.10916023991757
4.44786102258575, 4.11260641990339 9.13697288770241
4.45050259505444, 4.03033274008966 9.16286348590064
4.45314625044768, 3.94938175782858 9.18686546905233
4.45579385431846, 3.86970323541769 9.20900773504007
4.45844720738774, 3.79125109169091 9.22931506883357
4.46110805783916, 3.71398294468312 9.24780850071268
4.46377811225581, 3.63785971795238 9.26450560973942
4.46645904546025, 3.5628452998738 9.27942078108133
4.4691525094718, 3.48890624728205 9.29256542409235
4.47186014175889, 3.41601152645991 9.30394815672159
4.47458357293552, 3.34413228574948 9.31357496075853
4.47732443402902, 3.27324165508032 9.32144931157238
4.48008436342894, 3.20331456852138 9.32757228531513
4.48286501361387, 3.13432760661814 9.33194264599537
4.485668057743, 3.06625885580585 9.33455691436518
4.48849519619182, 2.99908778262102 9.33540942017378
4.49134816310621, 2.93279512078674 9.33449233901247
4.49422873304604, 2.8673627695385 9.33179571469173
4.49713872778753, 2.80277370179898 9.3273074678435
4.50008002335371, 2.7390118810111 9.32101339122086
4.50305455734357, 2.67606218560833 9.31289713196607
4.50606433663292, 2.6139103402436 9.30294016093151
4.50911144552418, 2.55254285302007 9.29112172896047
4.51219805442766, 2.49194695807168 9.27741880986276
4.51532642916336, 2.43211056293206 9.26180602964928
4.51849894098127, 2.37302220021076 9.24425558141711
4.52171807740751, 2.31467098316741 9.22473712509975
4.52498645403603, 2.25704656484101 9.20321767111242
4.5283068273994, 2.20013910045337 9.17966144672864
4.5316821090682, 2.1439392128677 9.1540297438194
4.53511538114756, 2.08843796094533 9.12628074636978
4.53860991336066, 2.03362681071033 9.09636933595941
4.54216918193345, 1.97949760930583 9.0642468731556
4.54579689052243, 1.92604256181132 9.02986095252569
4.54949699345832, 1.87325421109327 8.99315512873628
4.55327372161206, 1.82112542098754 8.95406861098737
4.55713161122643, 1.76964936327272 8.91253592285244
4.56107553609447, 1.71881950909839 8.86848652449821
4.56511074350395, 1.66862962580072 8.82184439430029
4.56924289440087, 1.61907378039058 8.77252756713998
4.57347810824985, 1.57014635146799 8.72044762730066
4.57782301307527, 1.52184205194436 8.6655091550819
4.58228480113933, 1.47415596579691 8.60760912832465
4.58687129062961, 1.42708360321894 8.54663628345203
4.59159099355126, 1.38062098007249 8.48247044606974
4.59645318969228, 1.33476472964267 8.41498184967074
4.60146800596752, 1.28951225753207 8.34403047408808
4.60664649951296, 1.24486195437259 8.26946545531323
4.61200074139773, 1.20081348619181 8.19112464847683
4.61754389544209, 1.15736818911987 8.10883447098133
4.62329028293733, 1.11452960402811 8.02241021973314
4.62925541843303, 1.07230419785378 7.9316571542231
4.63545599335846, 1.03070233147418 7.83637277710633
4.6419097720854, 0.989739547467477 7.73635093767973
4.64863534820829, 0.949438260654059 7.63138863805607
4.65565168718249, 0.909829930438747 7.52129672545575
4.6629773572595, 0.870957758115436 7.4059159494026
4.67062933155355, 0.832879852632387 7.28513999681382
4.67862124782812, 0.795672599438194 7.15894677470482
4.68696107135432, 0.759433604934651 7.02743786566359
4.69564826292496, 0.724283081339245 6.8908831158838
4.70467083613941, 0.690362040067791 6.74976251538393
4.7140030463788, 0.657825575567863 6.60479208916885
4.7236046987978, 0.626830397484146 6.45691789333292
4.7334229038371, 0.597517830185113 6.30726700575018
4.7433963945924, 0.569995989247022 6.15705808513247
4.75346151919201, 0.544326110032125 6.00749080332031
4.76355834299562, 0.520516830847208 5.85964262958389
4.77363537643252, 0.4985271980344 5.71439692766166
4.78365215440082, 0.478276198424163 5.57241210459443
4.7935797211665, 0.459655270122371 5.43412714789438
4.80339960174953, 0.442540609542843 5.29979098653482
4.81310197280795, 0.426803336620319 5.16950234070993
4.82268361654155, 0.412316833367595 5.04325009509657
4.83214602372211, 0.398961407898974 4.92094855553747
4.84149381777082, 0.386626823405048 4.8024654322327
4.85073354055363, 0.375213309035756 4.6876425498411
4.85987276942881, 0.364631590486921 4.5763103236046
4.86891950622637, 0.354802347863727 4.46829735651375
4.87788177440511, 0.345655382229666 4.36343644797568
4.88676736778719, 0.337128671190123 4.2615680850383
4.89558370535464, 0.329167421027395 4.16254223699929
4.90433775769769, 0.321723174058236 4.06621904984389
4.91303602019959, 0.314752998960315 3.97246885718282
4.92168451550394, 0.30821877327989 3.88117178960211
4.93028881337183, 0.30208655690924 3.79221716771888
4.93885406003179, 0.296326049974661 3.70550279719139
4.94738501191805, 0.290910126272278 3.62093423860559
4.95588607059988, 0.285814432824576 3.53842409520748
4.96436131698216, 0.281017046496362 3.457891342091
4.97281454369538, 0.276498179419847 3.37926070823378
4.98124928513178, 0.272239925955166 3.30246211528353
4.98966884492127, 0.268226044901506 3.22743017258465
4.99807632084466, 0.264441771597509 3.15410372548674
5.00647462729836, 0.26087365537396 3.08242545275905
5.01486651548647, 0.257509418537641 3.01234150846792
5.023254591543, 0.254337833676228 2.94380120364912
5.03164133279236, 0.251348616589802 2.87675672332752
5.04002910235033, 0.248532332586711 2.81116287478178
5.04842016225442, 0.245880314242317 2.74697686334681
5.05681668529642, 0.243384589019608 2.68415809244894
5.0652207657132, 0.24103781540076 2.62266798495346
5.07363442887507, 0.238833226387001 2.56246982325926
5.08205964009524, 0.236764579397761 2.50352860589549
5.09049831266985, 0.234826111745074 2.44581091865961
5.09895231524517, 0.233012500980601 2.38928481858688
5.10742347859703, 0.231318829514469 2.33391972925951
5.11591360189796, 0.229740552990799 2.27968634615456
5.12442445853827, 0.228273471977124 2.22655655089451
5.13295780156033, 0.226913706586072 2.17450333340748
5.14151536875826, 0.225657673699649 2.12350072112825
5.15009888748995, 0.224502066510698 2.07352371447813
5.15871007924334, 0.223443836133908 2.02454822795507
5.16735066399463, 0.222480175071177 1.97655103624572
5.17602236439288, 0.221608502343962 1.92950972484122
5.18472690980201, 0.220826450129352 1.8834026446994
5.19346604022909, 0.220131851757408 1.83820887054907
5.20224151016528, 0.219522730945468 1.79390816247801
5.21105509236447, 0.218997292160897 1.75048093048707
5.21990858158278, 0.218553912017684 1.70790820172767
5.22880379830131, 0.218191131624477 1.66617159017131
5.23774259245339, 0.217907649812489 1.62525326848663
5.24672684717734, 0.217702317181344 1.58513594192364
5.25575848261477, 0.217574130909572 1.5458028240258
5.26483945977495, 0.217522230284273 1.50723761400922
5.27397178448539, 0.217545892911556 1.46942447566476
5.2831575114491, 0.217644531575881 1.43234801765343
5.29239874842954, 0.217817691722473 1.39599327507843
5.30169766058481, 0.218065049542652 1.3603456922288
5.31105647497362, 0.218386410647281 1.32539110639991
5.32047748525638, 0.218781709318706 1.29111573270513
5.32996305661637, 0.219251008336612 1.25750614980163
5.33951563092705, 0.219794499378149 1.22454928646024
5.34913773219371, 0.220412503997699 1.19223240891649
5.35883197229939, 0.221105475196697 1.16054310894559
5.36860105708723, 0.221873999599132 1.12946929261007
5.37844779281424, 0.222718800253797 1.09899916963361
5.38837509301417, 0.223640740090074 1.06912124335942
5.39838598581023, 0.224640826060214 1.03982430125588
5.40848362172244, 0.225720214007623 1.01109740593634
5.41867128201788, 0.226880214307879 0.982929886663712
5.4289523876568, 0.22812229833706 0.955311331314692
5.43933050889246, 0.229448105830643 0.928231578781778
5.44980937558765, 0.230859453205829 0.901680711795334
5.4603928883168, 0.232358342930875 0.875649050151666
5.47108513032916, 0.233946974036975 0.850127144337191
5.48189038045493, 0.235627753881668 0.825105769543033
5.49281312704403, 0.237403311287817 0.800575920069135
5.5038580830348, 0.239276511199257 0.776528804122122
5.51503020225807, 0.24125047101333 0.752955839017014
5.52633469709083, 0.243328578772215 0.72984864679957
5.5377770575819, 0.245514513419385 0.70719905031365
5.54936307218072, 0.247812267355079 0.684999069746973
5.5610988502079, 0.250226171555791 0.663240919698971
5.57299084621284, 0.252760923557707 0.641917006826721
5.58504588636852, 0.255421618643269 0.621019928139267
5.59727119705505, 0.258213784613835 0.600542470027579
5.60967443578097, 0.261143420580147 0.580477608137327
5.6222637245821, 0.264217040256016 0.560818508215053
5.63504768601979, 0.267441720299423 0.541558528085726
5.6480354818701, 0.270825154308563 0.522691220951678
5.66123685454865, 0.274375713147614 0.504210340239948
5.67466217124624, 0.278102512346401 0.486109846267646
5.68832247065119, 0.2820154873874 0.468383915043489
5.70222951199535, 0.286125477758394 0.451026949578104
5.71639582597012, 0.290444320703743 0.434033594135937
5.7308347668002, 0.294984955642683 0.417398751926755
5.74556056441734, 0.299761540226511 0.401117606803098
5.76058837521872, 0.304789578959852 0.385185649598817
5.77593432929419, 0.310086065188931 0.36959870980842
5.79161557122712, 0.315669637026766 0.354352993360404
5.80765029057091, 0.321560747393612 0.339445127269832
5.82405773682651, 0.327781847736376 0.324872211951184
5.84085821214249, 0.334357584068442 0.310631881910665
5.85807303297424, 0.341315002632034 0.296722375387454
5.87572444953299, 0.348683760593246 0.283142613233337
5.89383550902051, 0.356496334574095 0.269892286851046
5.91242984544097, 0.364788216330739 0.25697195427386
5.93153137539041, 0.373598080338059 0.244383142358579
5.95116387603405, 0.38296790233831 0.23212845145256
5.97135041919882, 0.392943001115307 0.220211656639941
5.99211263529346, 0.403571968236625 0.208637796642815
6.01346978435705, 0.414906443162177 0.197413237594339
6.03543762127296, 0.427000685633179 0.186545694339455
6.05802706081267, 0.439910896329712 0.176044187128113
6.08124267817827, 0.453694244151031 0.165918907567431
6.10508112300845, 0.46840757842344 0.156180966227704
6.12952957674086, 0.48410584042132 0.146841997766256
6.15456443636895, 0.500840241296883 0.13791361046495
6.18015044674625, 0.518656337452625 0.129406687397193
6.20624050861316, 0.537592196269493 0.121330575235876
6.23277634219736, 0.557676884868317 0.113692229142052
6.25969008039305, 0.578929511367181 0.106495409273182
6.28690671608373, 0.601358990084498 0.0997400355661528
6.31434717179148, 0.624964595518496 0.093421794923432
6.34193164309101, 0.649737240487345 0.0875320587324158
6.36958282662896, 0.675661297993852 0.0820581177802876
6.3972286888638, 0.702716715907749 0.0769836907378426
6.42480454260623, 0.730881162499565 0.0722896253675182
6.45225433659732, 0.760131982327651 0.0679546960407087
6.47953118980996, 0.790447814796849 0.0639564065322167
6.50659729136585, 0.82180980741311 0.0602717269705313
6.53342333108133, 0.854202423558054 0.0568777198185078
6.5599876307777, 0.887613891090092 0.0537520347009795
6.58627512553289, 0.922036362268314 0.0508732715236026
6.61227631047794, 0.957465861621169 0.0482212242263438
6.63798623296825, 0.993902092561997 0.0457770242326538
6.66340357831351, 1.03134816152476 0.0435232046792804
6.6885298725098, 1.06981026445143 0.0414437055026986
6.7133688079537, 1.10929736728191 0.0395238368276035
6.73792568699449, 1.14982090101131 0.0377502148651916
6.76220697196549, 1.19139448329993 0.0361106813163686
6.78621992758782, 1.23403367242333 0.034594214422099
6.80997234114135, 1.27775575515778 0.0331908374425471
6.83347230662185, 1.32257956756173 0.0318915284904441
6.85672806060224, 1.36852534611426 0.0306881342418683
6.87974785926764, 1.41561460595518 0.0295732890240979
6.9025398878438, 1.46387004276483 0.0285403400567307
6.92511219524913, 1.51331545492529 0.0275832791276428
6.94747264820923, 1.56397568288031 0.0266966806600028
6.96962890026356, 1.61587656296691 0.0258756459231581
6.99158837207484, 1.66904489336862 0.0251157530225602
7.01335824024648, 1.72350841020565 0.0244130122450736
7.0349454324873, 1.77929577211229 0.0237638263164513
7.05635662746326, 1.83643655194788 0.0231649551335476
7.07759825806837, 1.89496123454479 0.0226134845552609
7.09867651715151, 1.95490121961526 0.0221067988666103
7.11959736497215, 2.0162888291234 0.0216425565653324
7.14036653783989, 2.0791573185836 0.0212186691570475
7.16098955753257, 2.14354089187653 0.0208332826816159
7.18147174119482, 2.20947471928333 0.0204847617287454
7.20181821150147, 2.27699495853171 0.0201716757346874
7.22203390693277, 2.34613877872788 0.0198927873838015
7.24212359205694, 2.41694438711873 0.0196470429689053
7.26209186775269, 2.48945105869256 0.0194335645928691
7.28194318133303, 2.56369916868553 0.0192516441211462
7.30168183655414, 2.6397302281183 0.0191007388212341
7.32131200351094, 2.71758692254355 0.0189804686508474
7.34083772843543, 2.7973131542439 0.0188906151823286
7.3602629434258, 2.87895408818107 0.0188311221770506
7.379591476145, 2.96255620206498 0.0188020978508411
7.39882705953702, 3.04816734098606 0.0188038189004376
7.41797334161834, 3.13583677713909 0.0188367363924005
7.4370338954116, 3.22561527526427 0.0189014836506056
7.45601222909854, 3.31755516454421 0.0189988863174254
7.47491179648048, 3.41171041782768 0.0191299748081569
7.49373600784723, 3.50813673920689 0.0192959994296007
7.5124882413702, 3.6068916611599 0.0194984484936872
7.53117185515283, 3.70803465268978 0.0197390698278043
7.54979020009213, 3.81162724015591 0.0200198961676841
7.56834663373025, 3.91773314280982 0.020343275019651
7.58684453530459, 4.02641842543091 0.0207119037009144
7.60528732224195, 4.1377516709216 0.0211288704146996
7.62367846838616, 4.25180417628714 0.0215977023981217
7.64202152430336, 4.36865017611704 0.0221224224035189
7.66032014007571, 4.4883670985346 0.022707615049745
7.67857809107706, 4.6110358596303 0.0233585049233746
7.69679930732682, 4.73674120369496 0.0240810487401936
7.71498790714589, 4.86557209819025 0.0248820444203136
7.73314823599962, 4.99762219442467 0.0257692606198668
7.75128491161509, 5.1329903674621 0.0267515911444594
7.76940287671789, 5.27178135203188 0.0278392398067824
7.78750746106235, 5.41410649534134 0.0290439427685834
7.80560445485309, 5.56008465299184 0.0303792373441352
7.82370019620482, 5.70984326104084 0.0318607888043578
7.84180167600457, 5.86351962614325 0.0335067901428402
7.85991666448458, 6.02126248733635 0.0353384543838139
7.87805386506676, 6.18323391835157 0.0373806253161027
7.89622310271406, 6.34961165964209 0.0396625412443755
7.9144355562812, 6.5205919963901 0.0422187985304247
7.93270404742062, 6.69639333502665 0.0450905789728717
7.95104340278195, 6.87726067950836 0.0483272299328494
7.96947091197667, 7.06347127393093 0.0519883224408372
7.98800691163416, 7.25534176496209 0.0561463664759278
8.00667553654884, 7.45323735062375 0.0608904441105137
8.02550569307768, 7.65758352152111 0.0663311464416727
8.04453232764426, 7.86888115152914 0.0726073958277379
8.06379808201402, 8.08772579442866 0.079896044765045
8.08335543644898, 8.31483189100743 0.0884256373811652
8.10326940688875, 8.55106159694253 0.0984965041328877
8.12362067412067, 8.79745439411915 0.110510552682915
8.1445083510743, 9.05524258497571 0.12501566875853
8.16604945044431, 9.32580485580962 0.142770461207332
8.18836570382472, 9.61041605600587 0.164829456925679
8.21153150770096, 9.90941293812563 0.192614352668314
8.23542918991717, 10.2200294672841 0.227815767336973
8.25950009264285, 10.5328408927613 0.271781599466014
8.27955077881415, 10.7910350975372 0.316691281168866
8.29642411900561, 11.0048157814275 0.361673788461016
8.31157021391273, 11.1925016583585 0.408733140019688
8.32494547102551, 11.353682488636 0.456445679724331
8.33680089903963, 11.4919555257198 0.504287788353402
8.34742512929068, 11.6113760874376 0.552177620987724
8.3570626101416, 11.7153502359083 0.600199468771392
8.36636180338826, 11.8111268148992 0.651098897272609
8.37469877254185, 11.8926499090108 0.700919280105986
8.38273596209832, 11.9668722277273 0.753028377308327
8.39002301268623, 12.0300365967031 0.8040249126768
8.39707924942363, 12.0870809994669 0.857060929583139
8.40385843514151, 12.1377107590689 0.911642468067673
8.4103457134226, 12.1819951809025 0.967426407775024
8.41654489091814, 12.2201979464113 1.0241843652981
8.42246990738997, 12.252669462214 1.08177106067521
8.42813946745379, 12.2797837137349 1.14009911289618
8.43357384709267, 12.3019041842107 1.19912017242261
8.4387931071047, 12.3193674897856 1.25881141533224
8.4438161753775, 12.3324771834531 1.31916620412797
8.44866044391609, 12.3415030289906 1.38018781480285
8.45334165753525, 12.3466829642693 1.44188533579748
8.4578739583572, 12.3482261836124 1.5042710615973
8.46227000591792, 12.3463164979467 1.56735889097199
8.46654112713006, 12.3411155541561 1.63116338653454
8.47069747113536, 12.3327657309781 1.69569926088105
8.47474815632496, 12.3213926546548 1.76098113203512
8.47870140382813, 12.307107340487 1.82702344474437
8.48256465565825, 12.2900079945101 1.89384049082717
8.48634467774813, 12.2701815190281 1.96144648631053
8.49004764908684, 12.2477047659499 2.02985567929455
8.49367923855706, 12.2226455778555 2.09908247301559
8.49724467113915, 12.1950636511931 2.16914155533944
8.50074878505729, 12.1650112503054 2.24004803018993
8.50419608128282, 12.1325337957474 2.31181754907899
8.50759076662965, 12.0976703457833 2.38446644253635
8.5109367915019, 12.0604539860923 2.45801185222598
8.51423788319586, 12.0209121394843 2.53247186513583
8.51749757552214, 11.9790668047491 2.60786565160145
8.52071923539904, 11.9349347315152 2.6842136091802
8.52390608697413, 11.8885275360931 2.76153751460048
8.52706123375498, 11.8398517616246 2.83986068621498
8.53018767917095, 11.7889088843834 2.91920815962232
8.53328834594179, 11.7356952667041 2.99960687940939
8.53636609459673, 11.6802020556909 3.08108591033004
8.53942374146587, 11.6224150255235 3.16367667169342
8.54246407645509, 11.5623143597668 3.24741319930981
8.5454898809151, 11.4998743685542 3.33233244006029
8.54850394592552, 11.4350631337682 3.41847458505064
8.55150909133589, 11.3678420733193 3.50588344842227
8.55450818593971, 11.2981654132171 3.59460690027471
8.55750416920585, 11.2259795532196 3.68469736387412
8.56050007505801, 11.1512223082853 3.77621238946523
8.56349905828024, 11.0738220036358 3.86921531968084
8.56650442424156, 10.9936963957161 3.96377606489331
8.56951966278117, 10.9107513843877 4.05997201105298
8.57254848728865, 10.8248794728753 4.15788908783008
8.57559488026214, 10.7359579207702 4.25762303148771
8.57866314694837, 10.6438465210801 4.35928088517734
8.58175797908135, 10.5483849140383 4.46298278959935
8.58488453126533, 10.4493893271368 4.56886412949959
8.58804851321806, 10.3466486015623 4.67707811635702
8.59125630192417, 10.2399193290436 4.78779890434801
8.59451507874603, 10.1289198802453 4.90122535332376
8.59783299764134, 10.0133230592371 5.01758556395949
8.60121939162849, 9.89274707828197 5.13714230414014
8.60468502494028, 9.76674454000812 5.26019939408984
8.60824239647055, 9.63478920566687 5.38710895845116
8.61190609271507, 9.49626067388156 5.51827904879162
8.61569316745629, 9.35042805392967 5.65418018675853
8.61962347269249, 9.19643611217498 5.79534721540015
8.62371974031214, 9.03330301880809 5.94236807543214
8.62800693352962, 8.85995147199617 6.09584102851018
8.63250981271262, 8.67532089540685 6.256262399953
8.63724671858875, 8.47865110822914 6.42377803847522
8.64221697572135, 8.27005614719665 6.59772354981914
8.64738233943056, 8.05137380975411 6.77600855032155
8.65265403019254, 7.82677519089853 6.95479840183058
8.65790582643945, 7.60219791288378 7.1291850834713
8.66301350690206, 7.38355441193939 7.29471092172307
8.66762032867323, 7.18660789739863 7.4401642385358
8.67206745616416, 6.99708486131051 7.57680758789129
8.6763141865564, 6.81695790968783 7.70358225932072
8.68035290995373, 6.64668738504331 7.82057580178551
8.68419463565473, 6.48587069774058 7.92846470196487
8.68785885387432, 6.33370423030645 8.02814829397815
8.69136750572281, 6.18926074136471 8.12054602305091
8.69474185341007, 6.05163459329547 8.20650235694565
8.69800110606257, 5.92000636351835 8.28675271580038
8.70116200083835, 5.7936633814827 8.36192010168146
8.70423885382576, 5.67199849656117 8.43252515990651
8.70724381109527, 5.55449950062012 8.49900071173283
8.71018716058137, 5.44073563417983 8.56170651467692
8.71307763848437, 5.33034423963216 8.62094249145451
8.71592270260124, 5.22301883995884 8.6769598943217
8.71872876444063, 5.11849902583599 8.7299704291428
8.72150138104793, 5.01656211699883 8.78015358339846
8.7242454111647, 4.91701639407796 8.8276624606967
8.72696514138942, 4.81969564934673 8.872628411516
8.72966438782741, 4.72445481285515 8.91516471049051
8.73234657805026, 4.63116644057965 8.95536948542652
8.73501481738863, 4.53971788707585 8.99332806134432
8.73767194282091, 4.45000901927961 9.02911484728727
8.74032056705682, 4.36195035770995 9.06279486487364
8.74296311486608, 4.27546155574059 9.09442499492337
8.74560185326047, 4.19047014715342 9.12405500095946
8.7482389167892, 4.10691050756218 9.15172837493501
8.75087632893457, 4.02472298725926 9.17748304027064
8.75351602038418, 3.94385318229313 9.20135193946229
8.75615984479197, 3.8642513177245 9.22336352754871
8.75880959251437, 3.78587172251659 9.24354218816026
8.76146700271017, 3.70867237976976 9.26190858536106
8.76413377411714, 3.63261453930844 9.27847996178476
8.76681157476011, 3.55766238219318 9.29327039145699
8.76950205079937, 3.48378272873688 9.3062909940473
8.77220683469306, 3.4109447831804 9.31755011599184
8.77492755281966, 3.33911990942949 9.32705348289314
8.77766583268512, 3.26828143324625 9.33480432677245
8.78042330982261, 3.19840446708151 9.34080349107769
8.78320163448008, 3.12946575437342 9.34504951579978
8.78600247818135, 3.06144353065497 9.34753870459462
8.78882754023905, 2.99431739923476 9.34826517542688
8.79167855429312, 2.92806821956137 9.34722089592818
8.79455729494535, 2.86267800666643 9.34439570438321
8.79746558455889, 2.79812984031855 9.33977731701285
8.80040530029195, 2.73440778271743 9.33335132200521
8.803378381436, 2.6714968037233 9.32510116054611
8.80638683713176, 2.60938271275748 9.31500809491584
8.80943275454026, 2.54805209662891 9.30305116354189
8.81251830755165, 2.48749226264483 9.28920712272628
8.81564576612159, 2.427691186453 9.27345037459525
8.81881750633326, 2.36863746414195 9.25575288064627
8.82203602129336, 2.31032026819693 9.23608406009006
8.82530393298242, 2.25272930697429 9.21441067199953
8.828624005194, 2.19585478741966 9.19069668008305
8.83199915771348, 2.13968738081556 9.16490309869321
8.83543248190633, 2.08421819140713 9.13698781846408
8.83892725790712, 2.02943872782094 9.10690540974029
8.84248697362568, 1.97534087726646 9.07460690172169
8.84611534581399, 1.9219168825961 9.04003953500391
8.84981634346925, 1.86915932240356 9.00314648495502
8.85359421388219, 1.81706109446861 8.96386655314909
8.85745351167667, 1.76561540301855 8.92213382390134
8.86139913122522, 1.71481575048576 8.877877282857
8.86543634286259, 1.66465593471291 8.83102039463614
8.8695708333536, 1.61513005291673 8.78148063682094
8.87380875109572, 1.56623251419885 8.72916898823012
8.87815675654127, 1.51795806303118 8.67398937066599
8.88262207829472, 1.4703018170035 8.61583804546009
8.88721257525262, 1.42325932328244 8.55460296965733
8.89193680496917, 1.37682663980555 8.49016312227674
8.89680409809347, 1.33100044937025 8.42238781983231
8.90182463814244, 1.28577821767519 8.35113605376992
8.90700954491198, 1.24115841029077 8.2762559030153
8.91237095827928, 1.19714078880018 8.19758410585825
8.91792211670149, 1.15372681333788 8.11494592185464
8.92367742091898, 1.11092018782057 8.02815548323346
8.92965246758609, 1.06872759550714 7.93701693573005
8.9358640289325, 1.02715968577366 7.84132681226492
8.94232994210119, 0.986232386453793 7.74087828120098
8.94906885461878, 0.945968625242256 7.63546817031702
8.95609975048022, 0.906400538509614 7.5249079748819
8.96344115704074, 0.867572207090811 7.40904035139039
8.97110991446911, 0.829542853296764 7.28776271586016
8.97911939555795, 0.792390215297813 7.16105917652609
8.98747712744112, 0.756213441127389 7.02904059598754
8.99618193154901, 0.721134328455081 6.891989478629
9.00522098875486, 0.68729524870175 6.75040145431863
9.01456759647779, 0.654852052410363 6.60500970836541
9.02418061336924, 0.623961209620288 6.45677641062165
9.03400639299309, 0.594762572988908 6.30684061523689
9.04398325868995, 0.567361627829478 6.15642632727391
9.05404756793356, 0.541816225481087 6.00673109157612
9.06413977583805, 0.518131454195178 5.85882386038042
9.07420904165626, 0.496263191956857 5.71357546995095
9.08421566042385, 0.47612798567629 5.57163043547554
9.0941314224476, 0.457615671154882 5.43341459137526
9.10393850451256, 0.44060160941 5.2991656928481
9.11362760534383, 0.424956689038016 5.16897372134932
9.12319589653369, 0.410554481935236 5.04282118235155
9.13264514087897, 0.397275746260415 4.92061801329449
9.14198013903143, 0.385010832005536 4.80222913148591
9.15120753833828, 0.373660606383668 4.68749472930595
9.16033497005265, 0.363136430163873 4.57624440293239
9.16937045445775, 0.353359584252479 4.4683064806874
9.17832201020911, 0.344260420544295 4.36351383472942
9.1871974118729, 0.335777411698367 4.26170723381677
9.1960040508609, 0.327856203331973 4.16273704392904
9.20474886602367, 0.320448724633289 4.06646386097037
9.21343831954366, 0.313512383455227 3.97275848256538
9.22207840110541, 0.307009354093433 3.88150149365469
9.23067464876942, 0.300905955967116 3.79258264601829
9.23923217888125, 0.295172116348686 3.70590014637815
9.24775572007124, 0.289780908150197 3.62135992355344
9.25624964825734, 0.284708153305494 3.53887491600462
9.26471802080467, 0.279932082704301 3.45836440230622
9.27316460880896, 0.275433044470644 3.37975338525346
9.28159292699205, 0.271193253364513 3.30297203307466
9.29000626102314, 0.267196575075787 3.22795517697586
9.2984076922755, 0.263428340099915 3.15464186190574
9.30680012014012, 0.259875182704039 3.08297494628066
9.3151862820762, 0.256524901202454 3.01290074598653
9.32356877160271, 0.253366336365637 2.94436871797552
9.3319500544403, 0.250389265297599 2.87733117901176
9.34033248300504, 0.247584308543928 2.81174305547418
9.34871830944252, 0.244942848549719 2.74756166052395
9.35710969737428, 0.242456957883682 2.68474649534808
9.36550873251156, 0.240119335891999 2.62325907157519
9.37391743227487, 0.237923252651426 2.56306275231417
9.38233775454191, 0.235862499262735 2.50412260958514
9.39077160563252, 0.233931343669039 2.44640529619545
9.39922084762655, 0.232124491303479 2.38987893036231
9.40768730509893, 0.230437049971522 2.33451299160102
9.41617277134677, 0.228864498457822 2.28027822658674
9.42467901417438, 0.227402658419157 2.2271465638619
9.43320778129474, 0.226047669185458 2.17509103640324
9.4417608053994, 0.224795965142369 2.12408571118563
9.45033980894315, 0.223644255412559 2.07410562498606
9.45894650868527, 0.222589505590428 2.02512672576387
9.46758262002465, 0.221628921316904 1.97712581903278
9.47624986116281, 0.220759933508657 1.93008051871024
9.48494995712594, 0.219980185079865 1.88396920198975
9.49368464367429, 0.219287519015299 1.83877096783428
9.50245567112534, 0.218679967671451 1.79446559873515
9.5112648081154, 0.218155743198136 1.7510335254205
9.52011384532293, 0.217713228986678 1.70845579423262
9.52900459917542, 0.21735097206298 1.66671403692413
9.53793891556149, 0.217067676354465 1.62579044265022
9.54691867356839, 0.21686219676942 1.58566773195756
9.55594578926557, 0.216733534035896 1.5463291325917
9.56502221955412, 0.216680830254989 1.50775835696328
9.57414996610241, 0.216703365130407 1.46993958112951
9.58333107938822, 0.216800552842679 1.43285742516223
9.59256766286825, 0.216971939542352 1.39649693478645
9.60186187729649, 0.217217201442134 1.36084356418493
9.61121594521373, 0.217536143493296 1.32588315987459
9.62063215563162, 0.217928698636747 1.29160194556957
9.63011286893598, 0.218394927624183 1.25798650795424
9.63966052203538, 0.218935019409671 1.22502378329643
9.64927763378297, 0.219549292116928 1.19270104483845
9.65896681070131, 0.220238194592602 1.1610058909088
9.66873075304241, 0.221002308561019 1.12992623370354
9.67857226121759, 0.221842351401248 1.09945028869122
9.68849424263467, 0.222759179573035 1.06956656459964
9.69849971898325, 0.223753792724226 1.04026385394755
9.70859183401239, 0.22482733851885 1.01153122408807
9.71877386184895, 0.225981118232146 0.983358008734768
9.72904921590921, 0.227216593166631 0.955733799945095
9.73942145846143, 0.228535391951876 0.92864844053942
9.74989431090194, 0.229939318800208 0.902092016937913
9.76047166481372, 0.231430362801165 0.876054852401144
9.77115759388214, 0.233010708349384 0.850527500664356
9.78195636675, 0.234682746813941 0.82550073995961
9.79287246090093, 0.236449089572083 0.800965567424622
9.8039105776683, 0.238312582547193 0.776913193902281
9.81507565847483, 0.240276322409831 0.753335039140538
9.82637290241698, 0.242343674622144 0.730222727408987
9.83780778531626, 0.244518293530211 0.707568083555985
9.84938608036879, 0.246804144736242 0.685363129538938
9.86111388053163, 0.249205530013379 0.663600081470683
9.87299762279177, 0.251727115060592 0.642271347236885
9.88504411446834, 0.254373960434124 0.621369524753608
9.89726056170081, 0.257151556035483 0.600887400950876
9.90965460027356, 0.260065859584463 0.580817951587748
9.92223432891898, 0.263123339559173 0.561154342027538
9.93500834522404, 0.266331023143634 0.541889929128953
9.94798578423633, 0.269696549786795 0.523018264440533
9.96117635981995, 0.273228231044048 0.504533098922487
9.97459040874444, 0.276935117442079 0.486428389462279
9.988238937393, 0.280827073177611 0.468698307498422
10.0021336708407, 0.284914859526571 0.451337250121147
10.0162871038665, 0.289210227896423 0.434339854078583
10.0307125532104, 0.293726023492414 0.417701013182159
10.0454242100461, 0.298476300575593 0.401415899673425
10.0604371911928, 0.303476450249191 0.385479990183722
10.0757675869958, 0.308743341595175 0.369889096983667
10.0914325030408, 0.314295476760384 0.354639405274461
10.107450091876, 0.320153160214387 0.339727517307711
10.1238395696573, 0.326338681806105 0.325150504120104
10.1406212110446, 0.332876512349653 0.310905965613199
10.1578163137122, 0.339793509164172 0.296992099567148
10.1754471214473, 0.347119127142894 0.283407779908884
10.1935366919885, 0.354885628373123 0.270152644102488
10.212108692549, 0.363128279894452 0.257227188814014
10.2311871025573, 0.371885524699215 0.244632871922248
10.2507957998868, 0.381199105437795 0.232372217373347
10.2709580044381, 0.391114113534165 0.220448917167267
10.2916955524884, 0.401678928885122 0.208867921783864
10.3130279784655, 0.412945007863222 0.197635506541269
10.3349713900313, 0.424966471594904 0.186759296836547
10.3575371403602, 0.437799445078047 0.176248230391281
10.380730330815, 0.451501104329684 0.166112430492504
10.4045482189883, 0.466128407734319 0.156362962473221
10.4289786589361, 0.48173652279614 0.147011448707111
10.4539987543858, 0.498377011412005 0.138069527855307
10.479573946818, 0.516095900654601 0.129548163855206
10.505657768514, 0.534931829073849 0.121456838604266
10.5321924470374, 0.554914500815588 0.113802694899649
10.5591104447281, 0.576063680145199 0.106589724158138
10.5863368680956, 0.598388904371218 0.0998181060088431
10.6137925232916, 0.621889988536901 0.0934837959353239
10.6413972721084, 0.646558265424013 0.0875784221100061
10.669073296374, 0.672378385882748 0.0820895019414943
10.6967479190619, 0.699330430025576 0.0770009372194608
10.7243557392107, 0.727392064934095 0.0722937083348897
10.7518399766101, 0.756540523500774 0.0679466710072676
10.7791530513635, 0.786754251093482 0.063937363235755
10.8062565160574, 0.818014147130923 0.0602427495879053
10.8331205053831, 0.850304397941136 0.0568398559514603
10.8597228751809, 0.88361294538743 0.0537062731687165
10.8860481828638, 0.917931661287187 0.0508205280773652
10.9120866277156, 0.953256304677759 0.0481623338287066
10.9378330333993, 0.989586333632678 0.0457127384137501
10.9632859227722, 1.02692463144284 0.0434541925709197
10.9884467097547, 1.0652771929708 0.0413705573542109
11.0133190150202, 1.10465280364068 0.0394470690489952
11.0379081007587, 1.1450627322466 0.0376702758777261
11.0622204132861, 1.18652045000124 0.0360279576945725
11.0862632193559, 1.22904138189843 0.0345090369760916
11.1100443214448, 1.27264269215675 0.0331034870160003
11.1335718380647, 1.31734310279485 0.0318022413421805
11.1568540366469, 1.3631627428351 0.0305971069444126
11.1798992083067, 1.4101230248816 0.0294806828566571
11.2027155755639, 1.45824654559185 0.0284462848985541
11.2253112257275, 1.50755700665594 0.0274878768749499
11.247694064086, 1.55807915316846 0.0266000081990851
11.2698717822489, 1.60983872663457 0.0257777576964136
11.2918518379907, 1.66286243023084 0.0250166832249464
11.313641443749, 1.71717790431017 0.0243127766870549
11.3352475615811, 1.77281371047814 0.0236624239868626
11.3566769028875, 1.82979932286828 0.0230623694924784
11.3779359316127, 1.88816512550318 0.0225096845834718
11.3990308699428, 1.9479424148497 0.0220017398943574
11.419967705762, 2.00916340686324 0.0215361808999289
11.4407522013102, 2.07186124797241 0.0211109065251102
11.461389902633, 2.13607002958703 0.0207240504987459
11.4818861495176, 2.20182480582253 0.0203739652063736
11.5022460856972, 2.26916161422793 0.0200592078309603
11.5224746691672, 2.33811749938487 0.019778528602647
11.5425766825057, 2.40873053931635 0.0195308610087681
11.5625567431309, 2.48103987470693 0.0193153138439888
11.5824193134539, 2.55508574099567 0.0191311650076167
11.6021687109105, 2.63090950345923 0.0189778569813771
11.6218091178721, 2.70855369545859 0.0188549939465859
11.6413445914516, 2.78806206008044 0.0187623405252024
11.6607790732301, 2.86947959546501 0.0186998221551837
11.6801163989448, 2.95285260417805 0.0186675271374758
11.6993603081816, 3.03822874705799 0.0186657104204832
11.7185144541323, 3.1256571020522 0.0186947992186868
11.7375824134804, 3.21518822865106 0.0187554005960473
11.7565676964903, 3.30687423863876 0.0188483111829144
11.7754737573888, 3.40076887400807 0.0189745292385016
11.7943040051344, 3.49692759303822 0.0191352693209758
11.8130618146904, 3.59540766571394 0.0193319798855205
11.83175053893, 3.69626827987799 0.01956636419943
11.8503735213236, 3.79957065976464 0.0198404050449433
11.868934109583, 3.90537819886945 0.0201563937783094
11.8874356704653, 4.01375660948102 0.0205169644315234
11.9058816059748, 4.1247740916505 0.0209251336863582
11.9242753712438, 4.23850152492119 0.021384347725248
11.9426204944271, 4.35501268680986 0.0218985371785755
11.9609205990072, 4.47438450285194 0.0224721816537705
11.9791794289891, 4.59669733403548 0.023110385662382
11.9974008775605, 4.72203530870347 0.0238189681753645
12.0155890199178, 4.8504867075666 0.0246045685585904
12.0337481511125, 4.98214441242431 0.0254747723025498
12.0518828299656, 5.11710643165409 0.0264382608059811
12.069997930348, 5.25547651864501 0.0275049905620204
12.0880987014366, 5.39736490331967 0.02868640850845
12.1061908389639, 5.54288916197302 0.0299957121528932
12.1242805700041, 5.69217525721293 0.0314481655260378
12.1423747545205, 5.84535878829809 0.0330614852726053
12.1604810078039, 6.00258650329134 0.0348563155774154
12.1786078491209, 6.16401813907956 0.0368568166009086
12.1967648834862, 6.32982867468978 0.0390913993372985
12.2149630256169, 6.50021110914768 0.0415936513093745
12.2332147780336, 6.67537990968967 0.0444035137865452
12.2515345792411, 6.85557532255967 0.0475687945705933
12.2699392433566, 7.04106880093494 0.0511471344383861
12.2884485200058, 7.23216988761144 0.0552085957586127
12.307085813461, 7.42923499877897 0.0598391177594752
12.3258791135469, 7.63267869118557 0.0651451993161364
12.3448622080374, 7.84298814723017 0.0712603514644128
12.3640762653606, 8.06074173050345 0.0783541485385333
12.3835718890599, 8.28663238272983 0.0866451643844363
12.4034117229447, 8.52149585964571 0.0964198082026735
12.4236735383741, 8.76634090928496 0.108060194950822
12.4444531890799, 9.02236933817144 0.122085708563627
12.4658650522334, 9.29094648227612 0.139214066212428
12.4880322224172, 9.57340343485572 0.160444050569534
12.5110441498332, 9.87034481246692 0.187135490091598
12.5348318971539, 10.1797634553447 0.220960344618246
12.5589279304944, 10.493575584918 0.263401495623707
12.5805139418473, 10.7725315491901 0.310315063463862
12.5979935553145, 10.9948674993606 0.355987482370116
12.6135138466062, 11.1880166616292 0.403472594944176
12.6271261675863, 11.3528085526512 0.451433093246688
12.6391388670044, 11.4936023251684 0.499409516181015
12.6498731686135, 11.6148900341724 0.547363771074139
12.6595916955253, 11.7203225651625 0.595407698087858
12.6684935420407, 11.8126601294924 0.643681164274882
12.6771136177361, 11.8976787704442 0.694687289600934
12.6849203865408, 11.9704652578716 0.744827543379587
12.6924715815321, 12.0366341638634 0.797187718715143
12.6997076968078, 12.0957277793886 0.8512025894533
12.7066089464263, 12.1477726938136 0.906475250758685
12.713179226271, 12.193058331578 0.962740112491594
12.7194352260547, 12.2319939527556 1.01982814712334
12.7253995615589, 12.265024068039 1.07763813120186
12.7310967097205, 12.2925826552858 1.13611464461012
12.7365507618086, 12.3150711838688 1.19523213132558
12.7417842943489, 12.3328503057231 1.25498381524598
12.7468178956188, 12.3462388629303 1.31537424714102
12.7516700576886, 12.3555164576119 1.37641444432973
12.756357258966, 12.3609274759566 1.43811881952843
12.7608941352775, 12.3626854482143 1.50050331107519
12.7652936823664, 12.3609771970525 1.56358430070778
12.7695674594287, 12.3559665421832 1.62737803571353
12.7737257788244, 12.3477974952758 1.6919003660851
12.7777778758294, 12.3365969606101 1.75716667263799
12.7817320570007, 12.322476992013 1.82319190648276
12.7855958281077, 12.3055366674339 1.88999068990894
12.7893760036446, 12.2858636414183 1.95757744820963
12.7930788002906, 12.263535429458 2.02596655455395
12.7967099166599, 12.2386204702371 2.09517247800509
12.8002746014911, 12.2111790038686 2.16520992976703
12.8037777121634, 12.1812637970782 2.2360940057888
12.8072237651586, 12.1489207401764 2.30784032567216
12.8106169798362, 12.1141893355711 2.38046516888285
12.8139613166698, 12.0771030933912 2.45398560986056
12.8172605109029, 12.0376898463853 2.52841965395414
12.8205181024301, 11.9959719934568 2.6037863763005
12.8237374625783, 11.951966678893 2.68010606589734
12.8269218183628, 11.9056859123967 2.75740037724263
12.8300742747102, 11.8571366333575 2.83569249205969
12.8331978350777, 11.806320721311 2.91500729381951
12.8362954208487, 11.7532349531625 2.99537155803034
12.8393698898521, 11.6978709064288 3.07681416160298
12.8424240543268, 11.6402148064242 3.15936631503872
12.8454606986442, 11.5802473139222 3.24306182174233
12.8484825970974, 11.5179432482999 3.32793736946282
12.8514925320748, 11.4532712394562 3.41403285973845
12.854493312958, 11.3861932998006 3.50139178231137
12.8574877961148, 11.3166643052454 3.59006164283148
12.8604789064046, 11.2446313712815 3.68009445385484
12.8634696606785, 11.1700331067235 3.77154730124277
12.866463193843, 11.0927987233856 3.86448300069182
12.8694627881641, 11.0128469745446 3.95897086240925
12.8724719066376, 10.930084888242 4.05508758606657
12.8754942314359, 10.8444062528566 4.15291831333285
12.8785337086871, 10.7556898014126 4.25255787177509
12.8815946011513, 10.6637970270807 4.35411225202612
12.8846815507652, 10.5685695444587 4.45770037020057
12.8877996535405, 10.4698258884454 4.56345617989061
12.8909545499569, 10.3673576137949 4.67153121281538
12.8941525348112, 10.260924522838 4.78209764392211
12.8974006914649, 10.1502488063774 4.89535199373539
12.9007070565387, 10.0350078359311 5.01151959335762
12.9040808221271, 9.91482530327247 5.13085993448891
12.9075325830418, 9.78926038990607 5.25367298245392
12.9110746351032, 9.65779472476828 5.38030638707691
12.9147213239683, 9.51981719544422 5.5111631572204
12.9184894250744, 9.37460754744428 5.64670848968523
12.922398487216, 9.22132189460087 5.78747244944497
12.9264709576432, 9.05898845750918 5.93404078214806
12.9307316474295, 8.88653356292101 6.08701673169947
12.9352055576378, 8.70288227546906 6.24691832872365
12.9399121713896, 8.50721960466058 6.41394702696436
12.9448535852125, 8.29953236699482 6.58754958607312
12.9499962534657, 8.08144622312194 6.7658031295822
12.9552564739252, 7.8569055072787 6.94503021361978
12.9605102167525, 7.6317542596932 7.12035429802771
12.9656310562228, 7.41201352438825 7.28718911045236
12.9702596173141, 7.21361328324922 7.4341397790582
12.9747296272264, 7.02257764574697 7.57227043247216
12.9789978896993, 6.84100161535998 7.70043141745149
12.9830554962818, 6.66940982212753 7.81867016397414
12.986913035834, 6.50742105140367 7.92765700794125
12.9905900828052, 6.3542282321718 8.0283027868687
12.99410889366, 6.20888917119118 8.12154522617946
12.9974911159409, 6.07047967730113 8.20824795750552
13.0007563331475, 5.93816216526703 8.28916379710472
13.003921612197, 5.8112078721494 8.3649304958342
13.0070015452998, 5.68899609389971 8.43608076764302
13.0100085033758, 5.57100351335488 8.50305713209204
13.0129529546819, 5.45679039251851 8.56622707929219
13.0158437789276, 5.34598686059577 8.62589668895259
13.0186885477989, 5.23828065013188 8.68232213019422
13.0214937632121, 5.13340669082343 8.73571905828973
13.0242650541417, 5.03113853144676 8.78627015760495
13.0270073367497, 4.93128138138645 8.83413114268651
13.0297249436499, 4.83366651240358 8.87943551698847
13.0324217279619, 4.73814676907934 8.92229834816507
13.0351011471273, 4.64459296742101 8.96281927217041
13.037766330633, 4.55289099820669 9.00108489499862
13.0404201350056, 4.46293948701003 9.03717072405543
13.0430651887502, 4.37464789350271 9.07114273135046
13.0457039293436, 4.28793495789845 9.10305862725485
13.0483386339351, 4.20272742262206 9.13296890542743
13.0509714450481, 4.11895897317923 9.16091770560868
13.0536043922956, 4.03656935456081 9.18694353037692
13.0562394109041, 3.95550362906704 9.21107984388469
13.0588783576748, 3.87571154879982 9.23335557443749
13.0615230248768, 3.79714702174555 9.25379553807139
13.0641751524716, 3.71976765475119 9.27242079667408
13.0668364389876, 3.64353436008711 9.28924896140603
13.0695085513032, 3.56841101492691 9.30429445001399
13.0721931335527, 3.49436416513339 9.3175687049356
13.0748918153305, 3.42136276635728 9.3290803777599
13.0776062193426, 3.34937795673303 9.33883548454856
13.0803379686306, 3.27838285647123 9.34683753567281
13.0830886934785, 3.20835239045909 9.35308764313398
13.0858600380979, 3.1392631306337 9.35758460777381
13.0886536671773, 3.07109315542176 9.36032498831652
13.0914712723759, 3.00382192396969 9.36130315379675
13.0943145788335, 2.9374301632416 9.36051132059842
13.0971853517691, 2.87189976635274 9.35793957504675
13.1000854032354, 2.80721370074785 9.35357588224795
13.103016599099, 2.74335592503437 9.34740608165076
13.1059808663156, 2.6803113134498 9.33941386960313
13.1089802005731, 2.61806558708475 9.32958076899129
13.1120166743788, 2.55660525110505 9.31788608587124
13.1150924456725, 2.49591753732027 9.30430685283112
13.1182097670541, 2.43599035153717 9.28881775865226
13.1213709957225, 2.37681222521595 9.27139106366493
13.1245786042317, 2.31837227101922 9.25199650001767
13.1278351921838, 2.26066014190919 9.23060115589491
13.1311434989898, 2.20366599351059 9.20716934252398
13.1345064178471, 2.14738044951755 9.18166244260769
13.1379270111013, 2.09179456998467 9.15403873860155
13.1414085271783, 2.03689982240766 9.12425321902576
13.1449544193015, 1.98268805557223 9.09225736076286
13.1485683662318, 1.92915147623365 9.05799888504686
13.152254295303, 1.87628262879023 9.02142148460715
13.1560164080548, 1.82407437823768 8.98246451920411
13.1598592088057, 1.77251989684792 8.9410626766068
13.1637875365451, 1.72161265521656 8.89714559595176
13.1678066005611, 1.67134641858444 8.85063745044262
13.1719220202585, 1.62171524968359 8.80145648658801
13.1761398696437, 1.57271351981455 8.74951451776219
13.1804667269673, 1.52433593047425 8.69471637100436
13.1849097299864, 1.47657754867558 8.63695928794844
13.1894766372386, 1.42943386021122 8.57613228404052
13.194175895547, 1.38290084661856 8.51211547542766
13.1990167136731, 1.33697509364553 8.44477939109082
13.2040091414935, 1.29165394178836 8.37398430044083
13.2091641531858, 1.24693569322446 8.29957960591122
13.2144937314654, 1.2028198945121 8.22140337931399
13.2200109476264, 1.15930772114448 8.13928216456975
13.2257300285811, 1.11640249880475 8.053031234506
13.2316663966487, 1.07411040720468 7.96245558469896
13.2378366597009, 1.03244142546591 7.86735208405606
13.2442585174364, 0.991410591701018 7.76751339203573
13.2509505330709, 0.951039659801257 7.66273450392785
13.2579316983432, 0.911359234483563 7.55282308965929
13.2652206953592, 0.872411433692974 7.4376150961774
13.2728347384811, 0.834253034713025 7.31699724554335
13.2807878799802, 0.796958861871089 7.19093777805062
13.2890887156046, 0.760624823470881 7.05952554923068
13.2977375736139, 0.725369503052772 6.92301475863346
13.306723544248, 0.691332695451935 6.78186787735429
13.3160220664004, 0.658669132925816 6.63678378748015
13.3255940561333, 0.627536428418316 6.48869505529555
13.3353874463957, 0.598078253863664 6.33872232939749
13.34534133094, 0.570406305198594 6.18808705475712
13.3553918991782, 0.544586048422784 6.03800075342636
13.3654786160183, 0.520630263559027 5.8895593814235
13.375549117791, 0.498501427916312 5.74366780185581
13.385561977447, 0.478120914288527 5.60100547802023
13.3954873360315, 0.459381464740519 5.46202962273497
13.4053059592737, 0.442159661881328 5.32700344978915
13.415007438254, 0.426326342324093 5.19603592934325
13.4245881359271, 0.411754181253787 5.06912266522842
13.4340492639922, 0.398322556598972 4.94618189399917
13.4433952752332, 0.385920220856563 4.82708321741621
13.4526326194803, 0.374446403429997 4.71166895470789
13.4617688359448, 0.363810893399936 4.59976911814858
13.4708119232834, 0.353933522551537 4.49121137340279
13.4797699230656, 0.344743339995006 4.38582729873351
13.4886506590373, 0.336177665875368 4.283456041175
13.497461585619, 0.328181136436429 4.18394621464717
13.5062097103354, 0.320704802066473 4.08715665564955
13.5149015645576, 0.313705307799337 3.99295646744274
13.5235432045847, 0.307144166416831 3.9012246447044
13.5321402308021, 0.300987123387441 3.81184947083756
13.5406978167652, 0.295203607243909 3.72472781074776
13.5492207429326, 0.289766256542212 3.63976437496206
13.5577134317392, 0.284650513901268 3.55687099991318
13.5661799820174, 0.279834277955046 3.47596596912549
13.574624201639, 0.275297604851488 3.39697338735052
13.5830496378084, 0.271022451914103 3.3198226119113
13.5914596047854, 0.266992457081779 3.244447740916
13.5998572090255, 0.263192748678809 3.17078715544203
13.6082453718505, 0.259609780904301 3.09878311150979
13.6166268498224, 0.256231191157908 3.02838137716382
13.625004253026, 0.253045675940191 2.95953090993697
13.633380061468, 0.250042882590473 2.8921835701883
13.6417566397985, 0.247213314564729 2.82629386615089
13.6501362505439, 0.24454824832296 2.76181872692443
13.6585210660278, 0.242039660201096 2.69871730005511
13.6669131791364, 0.239680161896719 2.63695077073546
13.6753146130697, 0.237462943409597 2.57648220001793
13.6837273302039, 0.235381722454439 2.51727637976115
13.6921532401748, 0.233430699510549 2.4592997023175
13.700594207281, 0.231604517796337 2.40252004322504
13.7090520572916, 0.229898227559981 2.34690665538933
13.7175285837355, 0.22830725416451 2.29243007343445
13.7260255537394, 0.226827369518895 2.23906202706993
13.734544713473, 0.225454666468813 2.18677536246646
13.7430877932556, 0.224185535813363 2.13554397075851
13.7516565123707, 0.223016645658892 2.08534272290154
13.7602525836302, 0.22194492285934 2.03614741020557
13.7688777177272, 0.220967536325334 1.98793468994885
13.7775336274115, 0.220081882012476 1.94068203554662
13.786222031519, 0.219285569423589 1.89436769081133
13.7949446588837, 0.218576409480787 1.84897062789489
13.8037032521589, 0.217952403641506 1.80447050855004
13.8124995715734, 0.217411734148663 1.76084764838906
13.8213353986441, 0.216952755319078 1.71808298385389
13.8302125398687, 0.216573985786632 1.67615804164295
13.8391328304198, 0.216274101627557 1.6350549103677
13.8480981378595, 0.21605193030494 1.59475621423613
13.8571103658971, 0.215906445378222 1.55524508858172
13.8661714582068, 0.2158367619313 1.51650515707542
13.8752834023291, 0.215842132679975 1.47852051047471
13.8844482336724, 0.21592194472597 1.44127568677864
13.8936680396383, 0.216075716930825 1.40475565267107
13.9029449638902, 0.216303097888591 1.36894578614571
13.9122812107878, 0.216603864481584 1.33383186021725
13.9216790500103, 0.216977921008599 1.29940002763203
13.9311408213927, 0.21742529887994 1.2656368065002
13.9406689400008, 0.217946156878518 1.23252906677864
13.9502659014721, 0.218540781991169 1.20006401754087
13.9599342876522, 0.219209590819291 1.16822919497627
13.9696767725579, 0.219953131582978 1.13701245106642
13.9794961287006, 0.220772086738136 1.10640194289161
13.9893952338075, 0.221667276231629 1.07638612252524
13.9993770779797, 0.222639661425432 1.04695372747816
14.0094447713311, 0.223690349727169 1.01809377165922
14.0196015521545, 0.22482059997131 0.98979553682215
14.029850795667, 0.226031828602909 0.962048564472595
14.0401960233912, 0.227325616724083 0.934842648213006
14.0506409132318, 0.228703718072663 0.908167826506612
14.0611893103176, 0.230168068012744 0.882014375845541
14.0718452386793, 0.231720793628326 0.856372804312044
14.0826129138449, 0.233364225024101 0.831233845525928
14.0934967564396, 0.235100907951922 0.806588452975787
14.1045014068854, 0.236933617897758 0.782427794736554
14.1156317413028, 0.238865375782334 0.75874324858147
14.1268928887279, 0.240899465449372 0.735526397502804
14.1382902497639, 0.243039453138792 0.712769025662948
14.1498295167972, 0.245289209168686 0.690463114805834
14.1615166959147, 0.247652932079699 0.668600841168451
14.173358130667, 0.250135175529085 0.647174572943677
14.1853605278289, 0.252740878259459 0.626176868359181
14.1975309853085, 0.255475397509561 0.605600474453031
14.2098770223601, 0.258344546281473 0.585438326645428
14.2224066122458, 0.26135463493092 0.565683549228037
14.2351282174788, 0.264512517604579 0.546329456918313
14.2480508277561, 0.267825644110551 0.5273695576565
14.2611840006474, 0.271302117874609 0.50879755685819
14.2745379050473, 0.274950760704414 0.490607363376005
14.2881233673115, 0.27878118515436 0.472793097470403
14.3019519198716, 0.282803875351743 0.455349101142225
14.3160358519568, 0.287030277205381 0.438269951238066
14.3303882618127, 0.291472898962776 0.421550475803493
14.345023109501, 0.296145423100405 0.405185774227158
14.3599552689422, 0.301062830507449 0.389171241788523
14.3752005773188, 0.306241537833825 0.373502599289553
14.3907758792412, 0.311699548687215 0.358175928510128
14.406699062153, 0.317456619037879 0.343187714269313
14.4229890782738, 0.323534436666061 0.328534893886814
14.4396659468812, 0.329956813687341 0.31421491480222
14.4567507288742, 0.336749890015436 0.300225800997116
14.4742654632848, 0.34394234394243 0.286566228639073
14.4922330526839, 0.351565603678761 0.273235610974296
14.510677081304, 0.35965405052474 0.260234191865112
14.5296215462881, 0.368245200165619 0.247563146403945
14.5490904790881, 0.377379843258032 0.235224685615528
14.5691074312509, 0.387102119991152 0.223222160242239
14.5896947976441, 0.397459495896076 0.211560155851588
14.6108729521226, 0.408502598523208 0.200244567915387
14.6326591778944, 0.420284868091498 0.189282641129827
14.6550663901065, 0.432861972176567 0.178682952401598
14.6781016741964, 0.446290938375362 0.168455312424446
14.701764702071, 0.460628973921423 0.158610558097406
14.7260461380715, 0.475931971529338 0.149160209415477
14.7509262017366, 0.492252748280624 0.140115972575355
14.7763736015069, 0.509639126128721 0.131489088135859
14.8023450734819, 0.528132028059616 0.123289549460929
14.8287857317646, 0.547763814745897 0.115525249011437
14.8556303498356, 0.568557100749279 0.108201140588914
14.8828055527365, 0.590524250463396 0.101318523702897
14.9102327379706, 0.613667661207051 0.0948745523792077
14.9378314050473, 0.637980813914248 0.0888620418246132
14.9655225027671, 0.663449945607952 0.0832695985195729
14.9932314202575, 0.690056108012326 0.0780820460758993
15, 0.696732284056123 0.076872515231247
