Solution of odeint manual problem
t value, theta(t) value, omega(x) value
0, 3.04159265358979 0
0.125, 3.03769291075203 -0.061420949694826
0.247249551951749, 3.02642400749353 -0.124280012053406
0.349964406374387, 3.01079154313623 -0.182643934094822
0.434845154684409, 2.99310381895366 -0.236836284035384
0.510334448450065, 2.97328622729078 -0.291057441022828
0.576679430418972, 2.95229283229541 -0.34453225115081
0.635501258522084, 2.93054814096419 -0.397363050185816
0.688390035922154, 2.90820611915873 -0.449887627844438
0.736589016605369, 2.88530943498718 -0.502437924891363
0.783185919662226, 2.86065777758883 -0.557967677177119
0.825240074314503, 2.83609042273608 -0.61249045662631
0.865877659859077, 2.81008497574903 -0.66950917683161
0.904786832721909, 2.78292978762548 -0.728429583491222
0.941875734977947, 2.75483123157863 -0.788839771525627
0.977182439003991, 2.72592733528064 -0.850470891246068
1.01081440323291, 2.696302724766 -0.913160586787724
1.04291070544727, 2.66600194700421 -0.976822869773393
1.07361998766763, 2.63504008582273 -1.04142516901057
1.10308849228633, 2.6034106033855 -1.10697182691564
1.13145424674201, 2.571090781361 -1.17349279350926
1.15884482672175, 2.53804525240539 -1.24103625078175
1.18537710482268, 2.50422807554534 -1.30966409390947
1.21115803656767, 2.46958371594333 -1.37944944404549
1.23628594212236, 2.43404718755319 -1.4504755988814
1.26085199031798, 2.39754352491117 -1.52283601755748
1.28494173998011, 2.35998667196286 -1.59663508371355
1.30863668117562, 2.32127780917801 -1.67198950105372
1.33201577084219, 2.28130308057046 -1.74903025809206
1.35515698890705, 2.23993062428371 -1.82790515959058
1.37813896176248, 2.1970067490612 -1.90878196476615
1.40104271481384, 2.15235103049853 -1.99185219317983
1.4239536257439, 2.10575002588163 -2.07733564193578
1.44696365036138, 2.05694923674043 -2.16548555827255
1.47017386666069, 2.00564292817268 -2.25659412299264
1.49369728473743, 1.95146157384779 -2.35099717002837
1.51766158497946, 1.89395739328998 -2.44907530223947
1.5422106876895, 1.8325906300899 -2.55124438336331
1.56750214498319, 1.76672527504133 -2.65791873469921
1.59369288098506, 1.6956582524828 -2.76940952380983
1.62089713066458, 1.61873896523187 -2.88568423001128
1.64909205478296, 1.53567896471869 -3.00589013341697
1.6779719718873, 1.44709865108411 -3.12769970332913
1.70686670928232, 1.35497969011694 -3.24708820007229
1.73334219730743, 1.26758422505704 -3.35320828544062
1.75740413051837, 1.18576081725437 -3.44603160608597
1.77931195317137, 1.10936047698272 -3.52682578047409
1.80046385968706, 1.03395709914162 -3.60085170366199
1.81945484317477, 0.964960909208005 -3.6634924177325
1.83778318541047, 0.897278645474878 -3.72010964987818
1.85533460652664, 0.831526723690653 -3.7704422370095
1.8721019660775, 0.76791948118223 -3.81467638900982
1.8881345115806, 0.706436695047115 -3.85320079349238
1.90350600331114, 0.646937612518034 -3.88646328688776
1.9182966855744, 0.589230798281932 -3.91489745798231
1.93258410076228, 0.533113327499327 -3.93889094774697
1.94643906034919, 0.478390772982688 -3.95877608353704
1.95992440787364, 0.424885999471998 -3.97483124976881
1.97309517626156, 0.372441839233499 -3.98728664954216
1.98599936139315, 0.320920662531394 -3.99633124922248
1.99867890201331, 0.270202545816488 -4.00211943145066
2.01117066424861, 0.22018295401031 -4.00477678204372
2.02350734195811, 0.170770400413617 -4.00440487371044
2.03571824285579, 0.121884296175156 -4.00108510282509
2.04782995911723, 0.0734530668586855 -3.99488170602077
2.05986693394604, 0.0254125456114854 -3.98584409578782
2.07185194009067, -0.0222953790384623 -3.97400864184177
2.083806486808, -0.0697238947279826 -3.9594000041147
2.09575117051855, -0.116922212226165 -3.94203210136819
2.10770598255112, -0.163936361372251 -3.92190877971534
2.11969058549598, -0.210809865144027 -3.89902422871413
2.13172456802715, -0.25758431616158 -3.87336317913394
2.14382768670082, -0.304299875226918 -3.84490090562164
2.1560201021922, -0.350995707135308 -3.81360304885897
2.16832261665689, -0.397710364912599 -3.77942526505183
2.18075691832871, -0.444482129619054 -3.74231270554279
2.1933458389996, -0.491349308563682 -3.70219932606167
2.20611362953313, -0.538350489684168 -3.65900702406896
2.21908625783272, -0.585524743228186 -3.61264460480366
2.23229173238329, -0.632911752631563 -3.563006583908
2.24576045205285, -0.680551842986429 -3.50997185018907
2.25952557834383, -0.728485855236627 -3.45340224186775
2.27362341815584, -0.776754783454619 -3.3931411430807
2.28809379075653, -0.825399045625242 -3.3290123001439
2.30298032780951, -0.874457187246308 -3.26081921445282
2.31833061330396, -0.923963711180224 -3.18834573004331
2.33419600127703, -0.973945575236583 -3.11135885498878
2.35063084091548, -1.0244166962715 -3.02961550539989
2.36769068086529, -1.07536956954386 -2.94287578684888
2.3854288265104, -1.12676295705055 -2.85092655188287
2.40389045679699, -1.17850479801088 -2.7536198277234
2.42310358380622, -1.2304306292269 -2.6509299688159
2.44306688862912, -1.28228071488251 -2.54302845307333
2.46373639825661, -1.33368413388518 -2.43036316803842
2.48501591627101, -1.38416315619463 -2.31371116881704
2.50675805198747, -1.43317018248431 -2.19416302640412
2.52878016516893, -1.48015630567487 -2.07301398175886
2.55089195588984, -1.52465035125549 -1.95158493892989
2.57292438308059, -1.5663178073889 -1.83103939732501
2.5947495626409, -1.60498071249139 -1.71226088657574
2.61628757843452, -1.6406010899797 -1.59581478961653
2.63750262092978, -1.6732441335979 -1.4819775420942
2.65839354707305, -1.70303781313044 -1.37079997300508
2.67898327307178, -1.73013897902099 -1.26217663393721
2.69930951838381, -1.75470930063543 -1.15590541740112
2.71941778864067, -1.77690032757329 -1.05173223128711
2.73935654132615, -1.79684544167469 -0.94938142174853
2.75917409522274, -1.81465639205463 -0.848574945562843
2.77891678111811, -1.83042259292296 -0.749043589944358
2.79862790418883, -1.8442119371511 -0.650533005365777
2.8183471971333, -1.85607235214035 -0.552806592343289
2.83811054401612, -1.86603366099353 -0.455646633180285
2.85794983492952, -1.87410953011575 -0.358854558105643
2.87789287122648, -1.88029941540073 -0.26225087443404
2.89796328470919, -1.88459049022609 -0.165675034976598
2.91818046638597, -1.88695956878003 -0.0689853454436824
2.93855952442329, -1.88737504011695 0.027941113837073
2.95911130800456, -1.88579880984879 0.12520866214045
2.97984254350538, -1.88218821402536 0.222903449113497
3.0007561300876, -1.87649783074485 0.321094314706075
3.0218516317612, -1.8686810785185 0.419834218987138
3.04312598160851, -1.85869146723411 0.519162304330103
3.06457438300327, -1.84648336827217 0.61910653335271
3.08619135681384, -1.83201220209801 0.719686701567007
3.10797184910843, -1.8152340055255 0.820917476674
3.1299122868251, -1.79610443117035 0.922810989181985
3.15201145239777, -1.77457733872558 1.02537840407881
3.17427104096431, -1.75060325328063 1.12862983692794
3.19669575945527, -1.72412808867963 1.23257192090019
3.21929281714311, -1.69509267247869 1.33720225990839
3.2420706356642, -1.66343377867248 1.44249990927748
3.26503657537751, -1.62908758356711 1.54841095137737
3.28819345562827, -1.5919966809818 1.65482832310761
3.31153469473963, -1.5521219064603 1.76156561714597
3.33503811532061, -1.50945994120986 1.86832613796464
3.35865899023275, -1.46406650497857 1.97467162945702
3.38232381556636, -1.41608238546152 2.07999983771472
3.4059273523457, -1.36575570471029 2.18354469083838
3.42933589244584, -1.31345046937901 2.28441296493902
3.45239840948853, -1.2596321247756 2.38166188552538
3.47496406394414, -1.20482807246607 2.47440394327326
3.49690116824228, -1.14957224189519 2.56190898409859
3.51811176336168, -1.09435028933751 2.64367255611191
3.53853820332411, -1.03956042193639 2.71943524032203
3.55816175653821, -0.985496310581787 2.78915830179606
3.57699581040113, -0.932349632493052 2.85297355301017
3.59507688935124, -0.880225060039894 2.91112635826275
3.61245594498681, -0.82916026265239 2.96392474537806
3.62919122466856, -0.779145632879417 3.01170042356823
3.64534309214653, -0.730140971873168 3.05478232603418
3.66097063464432, -0.682088264621317 3.09348066307002
3.67612967513038, -0.634920756727539 3.12807869533885
3.69087178495283, -0.588569001941869 3.15882964586171
3.70524395454902, -0.542964637763276 3.18595674024111
3.71928866543037, -0.49804256061326 3.20965496427477
3.73304418538324, -0.453742029366859 3.23009362226746
3.74654497078169, -0.410007084441228 3.24741913985455
3.75982210450061, -0.366786551820066 3.26175779835644
3.77290372813397, -0.324033811976252 3.27321824224464
3.78581544674982, -0.281706449628032 3.28189369435048
3.79858069649769, -0.239765856279825 3.28786386623607
3.81122107251843, -0.198176828266469 3.2911965787779
3.82375661857086, -0.156907184160064 3.29194912059131
3.8362060817911, -0.115927413594973 3.29016937591603
3.84858713683193, -0.0752103624388317 3.28589675297903
3.86091658379399, -0.0347309551391249 3.27916294102762
3.87321052417179, 0.00553404710099629 3.26999252054341
3.88548451867953, 0.0456062546442483 3.25840344734896
3.89775373040514, 0.0855058268146799 3.24440742777959
3.91003305632111, 0.125251620752994 3.22801019898404
3.92233724978606, 0.164861313658758 3.20921172579993
3.9346810363099, 0.204351499714099 3.18800632353641
3.94707922452351, 0.243737762219998 3.16438271438439
3.95954681397961, 0.28303472058775 3.13832402407526
3.9720991010949, 0.322256050793269 3.10980772485844
3.98475178419815, 0.361414476676284 3.07880553094983
3.99752106823675, 0.400521727983647 3.04528325346206
4.01042376916541, 0.439588459225959 3.00920062369615
4.02347741732426, 0.478624121123418 2.9705110969053
4.03670035811309, 0.517636773514726 2.92916165375034
4.05011184684669, 0.55663282491736 2.88509262439074
4.06373213264899, 0.595616679260024 2.83823757152537
4.07758252335473, 0.634590264458403 2.78852328511765
4.09168541930735, 0.673552410323364 2.73586996485677
4.10606429825087, 0.712498034787922 2.68019169891339
4.12074362574217, 0.751417088005752 2.62139739181879
4.13574865521832, 0.790293194677 2.55939235262563
4.15110506887549, 0.829101928624468 2.49408082754723
4.16683839543864, 0.867808655343108 2.42536984519792
4.18297312597994, 0.906365897184721 2.35317482382943
4.19953143958046, 0.944710226852046 2.27742743683423
4.21653145733615, 0.982758798876225 2.1980861841152
4.23398498319851, 1.02040580905885 2.11514987321025
4.25189478600342, 1.05751944109469 2.02867364545557
4.27025164768644, 1.09394019148835 1.93878618143827
4.28903164143622, 1.12948175277131 1.8457053282707
4.30819434641215, 1.16393567120696 1.74974798388831
4.32768281468219, 1.19708051888554 1.65132945641974
4.34742591433888, 1.22869520796117 1.55094866556625
4.3673431127805, 1.25857458594879 1.44915886617946
4.38735099906286, 1.28654427254389 1.34652809887898
4.40737024003205, 1.31247156756809 1.243597154979
4.42733155120622, 1.33627037542881 1.14084352701029
4.4471796805478, 1.35789989676902 1.03865734271181
4.46687508923628, 1.37735843626794 0.93733119083641
4.48639362467713, 1.39467446169034 0.837062086652423
4.50572481402849, 1.40989698154988 0.737961817207824
4.52486945349868, 1.42308672717339 0.640071611123207
4.54383703583475, 1.43430892448915 0.543377865154477
4.56264336505268, 1.44362787283746 0.447826816090981
4.58130853210728, 1.4511031949131 0.353337098872796
4.59985529982342, 1.45678745951235 0.259809886412276
4.61830787129465, 1.46072484470283 0.167136754462119
4.63669098107102, 1.46295054375063 0.0752056274435132
4.65502923855674, 1.46349067771686 -0.0160947765065021
4.67334665654479, 1.46236254315685 -0.106871601786619
4.6916663069339, 1.45957507993419 -0.197225266869559
4.71001005583798, 1.45512948970309 -0.287247346258598
4.7283983392165, 1.44901997092274 -0.377018693437702
4.74684994696127, 1.44123456366216 -0.466607620338791
4.76538178805675, 1.4317561194182 -0.556067983594333
4.78400861249718, 1.42056342964282 -0.645437055746696
4.80274266798791, 1.40763256260328 -0.734733086137557
4.82159327235221, 1.39293847113838 -0.823952488720661
4.84056628769517, 1.37645694154741 -0.913066641566239
4.85966349186109, 1.35816695167529 -1.00201835560891
4.87888185893392, 1.33805348710819 -1.09071817801495
4.89821278553703, 1.31611081909969 -1.17904084383512
4.91764133405698, 1.29234616736367 -1.26682237252454
4.9371456048142, 1.26678355104536 -1.35385849683566
4.9566963882327, 1.23946748037547 -1.43990525452944
4.97625727018672, 1.21046598892719 -1.52468258339193
4.99578534957601, 1.17987240530971 -1.60788154406165
5.01523266077476, 1.14780528053378 -1.68917529875091
5.03454827399526, 1.114406075081 -1.76823324128123
5.05368089751214, 1.07983456595286 -1.84473688142554
5.07258167324189, 1.04426237906999 -1.9183955045501
5.09120679166938, 1.00786544703599 -1.98895950177628
5.10951958195541, 0.970816398789744 -2.05622968144707
5.12749184831245, 0.933277839616835 -2.12006169551731
5.14510438159729, 0.895397212919036 -2.18036565846629
5.16234672293543, 0.857303559602936 -2.23710180893138
5.17921635584721, 0.8191061318249 -2.29027349170849
5.19571754230807, 0.78089456158565 -2.33991880319789
5.21186000608121, 0.742740159857152 -2.38610204355395
5.22765762386996, 0.704697910515446 -2.42890578972985
5.24312723164382, 0.66680878516113 -2.46842406153959
5.25828760418722, 0.629102098996663 -2.5047567685572
5.27315862764987, 0.591597724124539 -2.53800542588826
5.28776065925377, 0.554308058050249 -2.56827000853897
5.30211405375473, 0.517239705681732 -2.59564675983586
5.31623882994956, 0.480394873275389 -2.62022675838504
5.33015444961541, 0.443772496317549 -2.64209506234288
5.34387968344863, 0.407369134798674 -2.66133027601725
5.35743254218867, 0.371179672859764 -2.67800441344923
5.37083025512225, 0.33519785858857 -2.69218296177422
5.38408928197167, 0.299416716092121 -2.70392507152617
5.39722534749643, 0.263828857347696 -2.71328382091268
5.41025349088604, 0.228426716615608 -2.72030651660397
5.4231881242085, 0.193202725853362 -2.72503500530632
5.43604309586726, 0.158149445810004 -2.72750597901897
5.44883175629283, 0.123259664354959 -2.72775126307516
5.46156702403567, 0.0885264710771501 -2.72579808043133
5.47426145110778, 0.0539433152087096 -2.72166928867487
5.48692728690402, 0.0195040524017343 -2.71538358825052
5.4995765403682, -0.0147970152628542 -2.70695570174967
5.51222104029197, -0.0489651024983035 -2.69639652498349
5.52487249377413, -0.0830049043258675 -2.68371325113478
5.53754254294425, -0.116920557331769 -2.66890946967597
5.55024282008035, -0.150715596346263 -2.65198524204804
5.56298500123475, -0.18439290430912 -2.63293715639196
5.57578085842685, -0.217954653046664 -2.61175836397779
5.58864231036671, -0.251402232531479 -2.58843860045059
5.60158147153324, -0.284736165930902 -2.56296419567428
5.61461069923573, -0.317956007373643 -2.53531807688274
5.62774263802351, -0.351060218871261 -2.50547977113643
5.64099026045574, -0.384046022217369 -2.47342541484952
5.65436690277469, -0.416909220948176 -2.43912778054601
5.66788629340844, -0.449643986584881 -2.40255633420535
5.68156257141976, -0.482242602405717 -2.36367734079532
5.69541029096749, -0.514695156950884 -2.32245404112508
5.70944440649902, -0.546989178426287 -2.27884693027939
5.72368023169099, -0.579109200288499 -2.23281417690585
5.7381333630578, -0.611036247817299 -2.1843122337421
5.752819556647, -0.642747235829794 -2.1332967030052
5.76775454341183, -0.674214269513747 -2.07972353520754
5.78295376592008, -0.705403844632904 -2.02355065538348
5.79843201650831, -0.736275951463512 -1.96474012399367
5.81420295571147, -0.766783100570187 -1.9032609461235
5.83027849125553, -0.796869310036144 -1.83909263411614
5.84666800426554, -0.826469124994215 -1.77222959376393
5.86337742344291, -0.85550678205628 -1.70268632732401
5.88040817279994, -0.883895681307384 -1.63050331159811
5.89775605601452, -0.911538379109732 -1.55575320549654
5.91541018912985, -0.938327350007406 -1.47854677618295
5.93335214541229, -0.964146760655128 -1.3990376473765
5.95155551548351, -0.988875423979731 -1.31742475506055
5.96998608923309, -1.01239093778439 -1.23395137077963
5.98860281149517, -1.03457476736975 -1.14889984292105
6.00735954415884, -1.05531775933144 -1.0625818538478
6.02620750429145, -1.0745253653328 -0.975324886080268
6.04509808981209, -1.09212180528956 -0.887456469940278
6.06398570872765, -1.10805255438097 -0.799288331095322
6.08283023142704, -1.12228485934336 -0.711102561132042
6.10159878360342, -1.13480636858676 -0.623141411942901
6.12026674890707, -1.14562227515168 -0.535601484801524
6.13881800153363, -1.15475154190922 -0.448632243768931
6.15724449869329, -1.1622227929568 -0.362338160949876
6.17554541573841, -1.16807035538131 -0.276783490622091
6.1937260094328, -1.17233078288214 -0.191998638369852
6.21179636550311, -1.17504003987011 -0.107987242862202
6.22977014404703, -1.1762314025704 -0.0247333179470779
6.24766339427533, -1.17593405238524 0.0577919657257644
6.26549347571701, -1.17417229265082 0.139624089322228
6.28327809864899, -1.17096530330668 0.220799677854217
6.30103448140353, -1.16632734852987 0.301351683706109
6.31877861445919, -1.16026836153988 0.381305226147103
6.3365246188471, -1.15279484246157 0.460674038193069
6.35428418781314, -1.14391101533127 0.539457480220696
6.37206610474518, -1.13362019651995 0.617638101848786
6.38987583629841, -1.12192632750466 0.69517976418718
6.40771520671275, -1.10883561934166 0.772026368362313
6.42558216664137, -1.09435824459728 0.84810126730551
6.44347067620961, -1.07850999631582 0.923307458911399
6.4613707259528, -1.06131381584946 0.997528661610723
6.47926851901142, -1.04280107670184 1.07063135029483
6.49714683198853, -1.02301250581011 1.14246777637299
6.51498555952834, -1.00199863278033 1.21287991147053
6.5327624297386, -0.979819685471465 1.28170414925045
6.55045385662248, -0.95654489701477 1.34877649217391
6.5680358757939, -0.932251249617323 1.41393786345065
6.58548509556673, -0.907021744194938 1.47703914195066
6.60277959080098, -0.880943339371112 1.53794553398507
6.61989967323864, -0.854104737264515 1.59653997101722
6.63682848825183, -0.826594200224228 1.65272534192385
6.65355241035153, -0.798497562488219 1.70642550735479
6.67006123370093, -0.769896560097693 1.75758517458081
6.68634817479115, -0.740867551427428 1.8061688120431
6.70240971936295, -0.711480649877195 1.8521588420722
6.71824535347604, -0.681799247747424 1.89555336740414
6.73385721988568, -0.651879880544532 1.93636366997575
6.74924973718704, -0.621772364763941 1.97461168093476
6.76442921250602, -0.591520137785283 2.01032757099131
6.77940347066605, -0.561160732732951 2.04354755997954
6.79418151510743, -0.530726330604341 2.07431200023613
6.80877322921895, -0.500244343713491 2.10266375333284
6.82318912153608, -0.469737996392902 2.12864685450902
6.83744011451147, -0.439226879610513 2.15230544293591
6.85153737411251, -0.408727465040497 2.17368292702198
6.86549217609941, -0.378253571008823 2.19282135045356
6.87931580421661, -0.347816777748055 2.20976092482269
6.89301947544878, -0.317426792821491 2.22453969710403
6.90661428775147, -0.287091769743898 2.2371933238383
6.92011118611542, -0.256818584051791 2.24775492792201
6.93352094335736, -0.226613071634446 2.25625501791619
6.94685415257778, -0.196480234247962 2.26272145349722
6.96012122874595, -0.166424416966233 2.26717944394562
6.97333241734015, -0.136449461996235 2.26965156936128
6.98649780837822, -0.10655884288507 2.2701578166188
6.99962735451594, -0.0767557827286742 2.26871562397964
7.01273089217461, -0.0470433595922412 2.26533992981426
7.02581816488648, -0.017424601990867 2.26004322212094
7.03889884822694, 0.0120974230334811 2.25283558651664
7.05198257583875, 0.0415195269612784 2.24372475117421
7.06507896615398, 0.0708383198979071 2.23271612783887
7.07819764948583, 0.100050131807286 2.21981284861748
7.09134829519963, 0.129150933055042 2.20501579873808
7.10454063868143, 0.158136252491784 2.18832364595825
7.11778450780273, 0.187001091313712 2.16973286779608
7.13108984853213, 0.215739830901403 2.14923777830005
7.1444667492637, 0.244346132760788 2.12683055670212
7.15792546331453, 0.272812828576218 2.10250128105143
7.17147642888345, 0.301131798238109 2.07623797085016
7.18513028555047, 0.329293833533766 2.04802664386103
7.19889788612142, 0.357288484999613 2.01785139368732
7.21279030227216, 0.385103889242809 1.98569449650985
7.22681882200678, 0.41272657387605 1.95153655757534
7.24099493639901, 0.44014123711104 1.91535671074349
7.25533031242229, 0.467330499084238 1.87713288768499
7.26983674788136, 0.494274622232129 1.83684217722299
7.28452610353928, 0.520951198621112 1.79446129981488
7.2994102065109, 0.547334803249899 1.74996722716303
7.31450071792547, 0.573396614225726 1.70333798212591
7.3298089568652, 0.599104003690524 1.65455365888939
7.34534567186919, 0.624420107834554 1.6035977067253
7.36112075118544, 0.649303390728186 1.55045852096381
7.37714286395437, 0.673707225454107 1.49513137957745
7.39341902729853, 0.697579527395948 1.43762074962677
7.4099540997274, 0.720862488383726 1.3779429605218
7.42675021024913, 0.743492475760092 1.31612919608703
7.4438061458071, 0.765400175071051 1.25222869127851
7.46111673713159, 0.786511064993485 1.18631193196045
7.47867230345606, 0.806746312365125 1.11847355400204
7.49645823636634, 0.826024156586305 1.04883453796759
7.51445481651354, 0.84426180972705 0.97754322671159
7.53263735649423, 0.861377829074897 0.904774692972901
7.55097674181975, 0.87729482857919 0.83072808847857
7.56944039650531, 0.891942301613315 0.755621831523125
7.58799363491332, 0.905259255804384 0.679686815378305
7.60660129034078, 0.917196338881035 0.603158179866175
7.62522945238824, 0.927717179627302 0.526266487957255
7.64384711705082, 0.936798776778416 0.449229298087688
7.66242756457309, 0.944430915858656 0.372244073903922
7.68094932663739, 0.950614741544161 0.295483142674911
7.69939667215542, 0.955360725293978 0.219091072037771
7.71775961156428, 0.958686323683113 0.14318447438886
7.73603347778721, 0.960613620235423 0.0678539480630381
7.75421817957483, 0.961167195874021 -0.00683233128527229
7.77231723868833, 0.960372400498376 -0.0808239397125224
7.79033672019994, 0.958254119876646 -0.15408301623315
7.80828415107276, 0.954836061831455 -0.226579046917339
7.82616750208828, 0.950140530918486 -0.298284009528195
7.84399428683752, 0.944188623331276 -0.369168156038822
7.86177081201196, 0.937000751948631 -0.439196608681021
7.8795015972448, 0.928597401920779 -0.508326860326188
7.89718897065391, 0.919000016357515 -0.576507203892002
7.91483283755647, 0.908231916573006 -0.643676065810987
7.93243061361624, 0.896319170041952 -0.709762181028028
7.94997730890479, 0.883291330840463 -0.774685517002629
7.96746574516487, 0.869181991690892 -0.838358828571773
7.98488688452641, 0.854029103819338 -0.900689703182613
8.00223024408215, 0.837875040398539 -0.961582938004897
8.0194843675277, 0.82076640049 -1.02094307939696
8.03663732317237, 0.80275357151011 -1.07867695416379
8.05367719766756, 0.783890087223345 -1.13469603320139
8.07059255714661, 0.764231832958867 -1.18891849179643
8.08737285207927, 0.743836158477676 -1.24127086507628
8.10400874853109, 0.722760960908779 -1.29168923790252
8.12049237587754, 0.70106379572871 -1.34011995075222
8.13681748841095, 0.67880106415625 -1.38651984173203
8.15297954483371, 0.656027312480954 -1.4308560757754
8.16897571472664, 0.632794664831956 -1.47310563295052
8.18480482441183, 0.60915239758647 -1.51325453817977
8.20046725619364, 0.585146652374913 -1.55129691562956
8.21596481500098, 0.560820276209738 -1.58723394467606
8.23130057534361, 0.536212771827678 -1.62107278320153
8.24647871965147, 0.511360338638322 -1.65282551044366
8.26150437687294, 0.486295984203575 -1.68250812769834
8.27638346797004, 0.461049687318668 -1.7101396422822
8.29112256287959, 0.435648595928796 -1.73574124914111
8.30572875173311, 0.410117245789279 -1.75933561570769
8.32020953169793, 0.384477788575303 -1.78094626907242
8.33457270971732, 0.35875022080703 -1.80059708002463
8.34882632065663, 0.332952607321099 -1.81831183570901
8.36297855985681, 0.307101295017602 -1.83411389116653
8.37703772880189, 0.281211114228402 -1.84802588953627
8.39101219247127, 0.255295566311277 -1.86006954088563
8.4049103469259, 0.229366997018223 -1.87026545026486
8.41874059573193, 0.203436755866929 -1.8786329864612
8.4325113339264, 0.177515342213927 -1.88519018392133
8.44623093835627, 0.151612539034067 -1.8899536713258
8.45990776335754, 0.125737535595043 -1.89293862127599
8.47355014087586, 0.0998990403119145 -1.89415871645818
8.48716638425616, 0.074105385102421 -1.89362612846489
8.50076479504298, 0.0483646225604272 -1.89135150617649
8.5143536722324, 0.022684617238346 -1.88734397124036
8.5279413235008, -0.00292686770833358 -1.88161111873977
8.54153607800345, -0.0284620873015784 -1.87415902163295
8.55514630038885, -0.0539132337703358 -1.86499223797743
8.56878040571137, -0.0792723566820661 -1.85411382035089
8.58244687494658, -0.10453128304793 -1.84152532725308
8.5961542708187, -0.129681536279824 -1.82722683663819
8.60991125363864, -0.154714252871122 -1.81121696210185
8.62372659682179, -0.179620095653809 -1.79349287264739
8.63760920170474, -0.20438916245346 -1.77405031740246
8.65156811120752, -0.229010888922025 -1.75288365717009
8.66561252178796, -0.253473944279708 -1.72998590530247
8.67975179300286, -0.277766118646143 -1.70534878110691
8.69399545382072, -0.301874200594964 -1.67896277986416
8.70835320461607, -0.325783843535569 -1.65081726459133
8.72283491350717, -0.349479419527302 -1.62090058595426
8.73745060536968, -0.372943859187198 -1.58920023826273
8.7522104414589, -0.396158476495171 -1.55570306130307
8.76712468709792, -0.41910277757507 -1.5203954998992
8.78220366433462, -0.441754252998103 -1.48326393554877
8.79745768584481, -0.464088153899537 -1.44429510721731
8.81289696568259, -0.486077253328705 -1.40347664128204
8.82853150179877, -0.507691595903352 -1.36079771347957
8.84437092464739, -0.528898241177729 -1.31624986813633
8.86042430581856, -0.549661009345573 -1.26982802131125
8.87669992068759, -0.569940242168448 -1.22153167377831
8.89320495986868, -0.589692597483908 -1.17136635562154
8.90994518622863, -0.6088709023153 -1.11934531472029
8.92692453787429, -0.627424097227898 -1.06549144425737
8.94414468344563, -0.645297312469967 -1.00983941710474
8.96160454469575, -0.662432123266077 -0.952437955500877
8.97929981285481, -0.67876703521496 -0.893352112361987
8.99722249907405, -0.694238248025054 -0.832665378609336
9.01536057360041, -0.70878073316594 -0.770481366931974
9.03369776002216, -0.722329635107637 -0.706924770933188
9.05221355530997, -0.734821965240096 -0.642141280398462
9.07088353821737, -0.746198504811763 -0.576296171773431
9.08968000384059, -0.756405776397052 -0.509571405694455
9.10857292032963, -0.765397896211472 -0.442161252090581
9.12753115013503, -0.773138098524418 -0.374266703960515
9.14652382397716, -0.779599741995706 -0.306089182804526
9.16552171556418, -0.784766669879352 -0.237824216248324
9.18449845205113, -0.788632891847571 -0.169655823455625
9.20343141556424, -0.791201662515196 -0.101752249634659
9.22230224119599, -0.792484123291786 -0.0342634649644259
9.24109688419475, -0.792497727385185 0.0326794570916071
9.25980529669505, -0.791264672567918 0.0989632656730842
9.27842080678936, -0.788810527421081 0.164490174551766
9.29693932071998, -0.785163170082899 0.229174750479161
9.31535847113161, -0.780352084074082 0.2929405820085
9.33367681601865, -0.774407990778115 0.355717177723105
9.35189316301866, -0.76736275291426 0.417437407868164
9.37000606083729, -0.7592494605969 0.478035657482918
9.38801347030769, -0.750102608458234 0.537446730412944
9.40591260528951, -0.739958283170629 0.595605446665633
9.4236999190889, -0.728854299492771 0.652446813727754
9.44137120448531, -0.716830244622536 0.707906621896994
9.45892177324227, -0.703927411568769 0.761922307529937
9.47634668254462, -0.690188620223749 0.81443393911245
9.49364097976292, -0.675657938670336 0.865385202832444
9.51079994222321, -0.660380326609386 0.914724291747326
9.52781929445507, -0.644401227803242 0.962404631740071
9.54469539111696, -0.627766139635234 1.0083854053089
9.56142535903277, -0.610520186059694 1.05263185876416
9.57800719623452, -0.592707716258067 1.09511539831913
9.59443982943372, -0.574371946127019 1.1358134952684
9.6107231338891, -0.555554654115648 1.17470942996749
9.62685792124623, -0.53629593755285 1.21179190915275
9.64284590170993, -0.516634030918929 1.2470545920831
9.65868962703068, -0.496605183777398 1.28049555900886
9.67439242041666, -0.476243593381134 1.31211675155228
9.68995829879175, -0.455581385257515 1.34192340959587
9.70539189195462, -0.434648634229873 1.36992352393317
9.72069836227334, -0.413473418173151 1.39612731876815
9.73588332765858, -0.392081897145561 1.42054677349963
9.75095278975355, -0.370498411213399 1.44319518928307
9.765913068589, -0.348745591147742 1.46408680269038
9.7807707443897, -0.326844477105817 1.48323644636876
9.79553260678038, -0.304814641334667 1.50065925485875
9.81020561131379, -0.282674311796306 1.51637041256774
9.82479684301534, -0.260440494381081 1.53038494019867
9.83931348649025, -0.238129092035502 1.54271751559929
9.85376280205323, -0.215755019680941 1.55338232492911
9.8681521073027, -0.193332314246504 1.56239294016147
9.88248876355784, -0.170874239493884 1.56976221918088
9.89678016659617, -0.148393385586874 1.57550222505323
9.911033741165, -0.125901763566773 1.579624161401
9.92525693878279, -0.103410895049717 1.58213832118183
9.93945723839395, -0.0809318975744686 1.58305404652982
9.95364214948745, -0.0584755661092025 1.58237969766381
9.96781921733396, -0.0360524512818953 1.58012262919112
9.98199603003667, -0.0136729349378241 1.57628917243611
9.99618022712528, 0.00865269634484074 1.57088462270291
10, 0.0146499381670384 1.56916275998274
