# Solution of the newtonian gravitational three body problem
# t,vx1,vy1,vx2,vy2,vx3,vy3,x1,y1,x2,y2,x3,y3
0 0.466203685 0.43236573 -0.93240737 -0.86473146 0.466203685 0.43236573 -0.97000436 0.24308753 0 0 0.97000436 -0.24308753
0.0345538682591487 0.509054035461208 0.420589819570179 -0.934351285189208 -0.862275561491788 0.425297249728 0.441685741921608 -0.953171371840833 0.257846038992972 -0.0322182814268393 -0.0298798169483813 0.985389653267673 -0.227966222044591
0.0673859547913537 0.551517530978669 0.406723207091485 -0.939739024925057 -0.855352451301907 0.388221493946388 0.448629244210422 -0.935774555487052 0.271449428510498 -0.0629553561572183 -0.0581132933625243 0.99872991164427 -0.213336135147974
0.0991727194294994 0.594147716628435 0.390423065387396 -0.948099906482761 -0.844291397295212 0.353952189854326 0.453868331907817 -0.917577399912686 0.284141943480411 -0.0929354040253685 -0.0851606391658231 1.01051280393805 -0.198981304314588
0.130272400011079 0.637141342119559 0.371360282524358 -0.959052921222443 -0.829180230451091 0.321911579102884 0.457819947926733 -0.898440264037379 0.296012126007741 -0.122570694612732 -0.111216054955564 1.02101095865011 -0.184796071052177
0.160867245750515 0.680454554846741 0.349236161919344 -0.972207627206855 -0.810008293187158 0.291753072360114 0.460772131267814 -0.878291344446512 0.307061506163256 -0.152096835293833 -0.136324294295258 1.03038817974035 -0.170737211867998
0.191039282355628 0.723868996137097 0.323800153448626 -0.987120776308684 -0.786740888135095 0.263251780171587 0.46294073468647 -0.857109964822242 0.317242479470384 -0.181641828537544 -0.160445714382293 1.03875179335979 -0.156796765088091
0.220813832078927 0.767036323408916 0.294867867500697 -1.00328257788278 -0.759364175377788 0.236246254473864 0.464496307877091 -0.834915729867842 0.326481391342619 -0.211264050904942 -0.183495742916627 1.04617978077278 -0.142985648425991
0.250186121393203 0.809514404637339 0.262337471764765 -1.02012117867417 -0.727914918254438 0.210606774036834 0.465577446489674 -0.811760254057966 0.334693810351634 -0.240974886387718 -0.205370494385243 1.05273514044568 -0.129323315966391
0.279138336005664 0.850801097740832 0.226202201397974 -1.03701918380043 -0.692500069566862 0.186218086059596 0.466297868168888 -0.787719803258174 0.341795134015558 -0.270753577430157 -0.22596409024094 1.05847338068833 -0.115831043774618
0.307650794840012 0.890367405320591 0.186557011269008 -1.05333771243187 -0.65330762403166 0.162970307111279 0.466750612762653 -0.762888166286072 0.347707927351056 -0.30055798507959 -0.245180347103525 1.06344615136566 -0.102527580247531
0.335709127641466 0.927689384114071 0.143598260835114 -1.06844392057873 -0.610609238624444 0.140754536464657 0.467010977789331 -0.737369702582083 0.352366631089783 -0.330332955575135 -0.262940154989983 1.06770265815722 -0.0894264760997999
0.363308497597897 0.962277043457077 0.0976164848613193 -1.08173824051665 -0.564755410574468 0.119461197059574 0.467138925713149 -0.711272867118977 0.355720021463836 -0.360016958480031 -0.279185335573098 1.07128982559901 -0.0765346858907386
0.390455557883035 0.993698353366587 0.0489833995865002 -1.09267824820109 -0.516164657830748 0.0989798948345016 0.467181258244248 -0.684704621769106 0.357731797628185 -0.389547193915152 -0.293879651693034 1.07425181568426 -0.0638521459351502
0.417168712217684 1.021597079372 -0.00186499096854554 -1.10079710157064 -0.465308643689126 0.0792000221986308 0.467173634657672 -0.65776605691198 0.358379744685629 -0.418863237349134 -0.307007675502955 1.07662929426111 -0.0513720691826738
0.443477208283384 1.04570405948796 -0.0544471228756616 -1.10571566075979 -0.412695292647001 0.0600116012718338 0.467142415522663 -0.630549355567769 0.357653964207344 -0.447909334255027 -0.318572251666775 1.0784586898228 -0.0390817125405691
0.469419545935714 1.0658423695949 -0.108254609861855 -1.10714841993396 -0.358851675695277 0.0413060503390625 0.467106285557133 -0.603136028179455 0.355554637606991 -0.476635550371904 -0.328591241599268 1.07977157855136 -0.0269633960077231
0.495041601942755 1.08192736870351 -0.162769652532907 -1.10490406538275 -0.304307963229337 0.0229766966792362 0.467077615762244 -0.57559619687066 0.352089698107681 -0.50499805044123 -0.337094104164406 1.08059424731189 -0.0149955939432753
0.520394766084913 1.09396283216543 -0.217480305534225 -1.09888179425856 -0.249583238334949 0.0049189620931311 0.467063543869174 -0.547988640771746 0.347272667381375 -0.532958790020383 -0.34411869597935 1.08094743079213 -0.00315397140202521
0.54553427003132 1.10203434754459 -0.271893214125538 -1.08906456631086 -0.195173556575783 -0.0129697812337303 0.467066770701321 -0.520361321083086 0.341120798356866 -0.560484866547619 -0.349708505695794 1.0808461876307 0.00858770733892857
0.570517789419361 1.10630098423759 -0.325543712759198 -1.0755103414739 -0.141542369628246 -0.0307906427636855 0.467086082387444 -0.492752159182725 0.333653579198429 -0.587547709288514 -0.353910403000631 1.08029986847124 0.020256823802202
0.595404322257582 1.10698605261096 -0.378003337839874 -1.05834218392932 -0.089113275283219 -0.0486438686816436 0.467116613123093 -0.46518991343314 0.324891602520938 -0.614122217080161 -0.356772896771238 1.0793121305133 0.0318812942502998
0.620253296204794 1.10436759336387 -0.428884894412275 -1.03773794702523 -0.0382649671517089 -0.0666296463386384 0.467149861563984 -0.437695067493329 0.31485578404639 -0.640185895173082 -0.358344854244237 1.07788096266641 0.0434890701978473
0.645123830744912 1.09876909310769 -0.47784527561259 -1.01392010959149 0.0106718075029858 -0.0848489835161996 0.467173468109604 -0.410280692439064 0.303566915668884 -0.665718006010409 -0.358674622112259 1.07599869844947 0.0551077064433753
0.670074072293574 1.09055079500629 -0.524586286624386 -0.987146205119422 0.0574155340994476 -0.103404589886872 0.467170752524938 -0.382953273740823 0.291045548033233 -0.690698733715703 -0.357809497144188 1.07365200745653 0.0667639491109551
0.695160524966677 1.08010184709923 -0.568853773251445 -0.957700158048798 0.10173376976443 -0.122401689050433 0.467120003487015 -0.355713505210271 0.277312208261249 -0.71510836383339 -0.355795506462223 1.07082186904366 0.0784832982009742
0.720437312356661 1.06783339658349 -0.61043538919 -0.925884709242747 0.143441883813118 -0.141948687340743 0.466993505376882 -0.328557051182436 0.262387963614383 -0.738926492171506 -0.352677468100725 1.06748354335394 0.0902895044863413
0.745955323232054 1.05417259746472 -0.649157344448056 -0.8920149781068 0.182401059950142 -0.162157619357918 0.466756284497914 -0.30147527134427 0.246295338675338 -0.762131293489848 -0.348499306731642 1.06360656483412 0.102203968056304
0.77176121540166 1.03955736153233 -0.68488045428579 -0.856413081148368 0.218515895791065 -0.18314428038396 0.466364558494725 -0.274455894377813 0.229059580890201 -0.784698897597497 -0.343304596023505 1.05915479197531 0.114245015133304
0.797896277046917 1.02443156284406 -0.717495755255291 -0.819403618553477 0.251731874412628 -0.205027944290585 0.465763880842664 -0.247483620065266 0.210710246932813 -0.806602933701688 -0.337137288288162 1.05408655376695 0.126427041355349
0.824395173741152 1.00924031928602 -0.746919880685353 -0.781309764130563 0.282032891977285 -0.227930555155458 0.464886988708068 -0.220540626771094 0.191283051234891 -0.827814310660875 -0.330042575317021 1.04835493743197 0.13875952408213
0.851284641089361 0.994424935964406 -0.773090305083739 -0.742449660870389 0.309438916265388 -0.251975275094017 0.463651388818351 -0.193606964005674 0.170821880737629 -0.848301298158905 -0.322067804263359 1.04190826216458 0.15124592352573
0.878582213997615 0.980417116085385 -0.795960491067402 -0.703132843040017 0.334003738002378 -0.277284273045368 0.461956753065024 -0.166660819917851 0.149380841698767 -0.868029958709338 -0.313263353275977 1.03469077862719 0.16388251157721
0.906295107669448 0.967632131365488 -0.815494921058847 -0.6636564801252 0.355812678013714 -0.303975651240288 0.459682243045134 -0.139678672755629 0.127026173630424 -0.88696495072906 -0.303683359181178 1.02664362348469 0.176657185550754
0.934419374185937 0.956460790601976 -0.831663987070282 -0.624301363322154 0.374980048084079 -0.332159427279822 0.456683938986203 -0.112635364070461 0.103837852628614 -0.905070679392445 -0.293386190573983 1.01770604346291 0.189548337945369
0.962939444444711 0.94726023121368 -0.844438760875149 -0.585327713696905 0.391646149862552 -0.361932517516775 0.452792611012597 -0.0855041673916486 0.079910720688076 -0.922312720043489 -0.282434579712688 1.00781688743514 0.202523859024612
0.991828125878941 0.94034374920272 -0.853785781314981 -0.546971049792979 0.405973644307726 -0.39337269940974 0.447812137007256 -0.0582569627211196 0.0553550218743248 -0.938659389434392 -0.270895366791393 0.996916352155512 0.215540344917068
1.02104706820936 0.935970038193085 -0.859662168577799 -0.509438468985965 0.418143229315868 -0.426531569207119 0.441518939261931 -0.0308646537065812 0.0302962922733027 -0.954083307098722 -0.258838864710024 0.984947960805304 0.228542572436722
1.05054764849715 0.934332301335785 -0.862011580890901 -0.472905732387757 0.428348702525778 -0.461426568948028 0.433662878365124 -0.00329796779134734 0.00487461876957691 -0.968562785180075 -0.246337908450888 0.971860752971423 0.241463289681311
1.08027218409779 0.935547735723685 -0.860761721585243 -0.437515478864559 0.436791623234121 -0.498032256859126 0.423970098351121 0.0244712512097178 -0.0207566733475586 -0.98208291471178 -0.233466694124016 0.957611663502062 0.254223367471575
1.11015537537176 0.939647909199222 -0.855824224283962 -0.403376742484703 0.44367588363564 -0.536271166714519 0.412148340648322 0.0524682190122831 -0.0464328416071841 -0.994636272887341 -0.220299525138983 0.942168053875059 0.266732366746167
1.14012591402407 0.94657061556775 -0.847097727027115 -0.370565752046138 0.449202530208352 -0.576004863521612 0.397895196818763 0.0807129221161224 -0.0719800359294932 -1.00622324225963 -0.206909562741942 0.925510320143506 0.278889598671435
1.17010825465952 0.95615394967018 -0.834474736344038 -0.339127808582547 0.453565138827539 -0.617026141087633 0.3809095975165 0.109217558492721 -0.0972181398662874 -1.01685198809895 -0.193367633774089 0.90763442960623 0.290585773640377
1.20002460769074 0.968133570538795 -0.817852447841878 -0.30907991765942 0.456945961861793 -0.659053652879375 0.360906485980085 0.137984025335755 -0.121964230868487 -1.02653816785877 -0.17974109867587 0.888554142523013 0.301705329544357
1.22979723607028 0.98214431543252 -0.797147046873243 -0.280413824470623 0.459512963207308 -0.701730490961897 0.337634083665935 0.167001857619518 -0.146036725637263 -1.0353044415848 -0.166092749574693 0.868302583965285 0.312129475211956
1.25935110004778 0.997727319943266 -0.772310252014922 -0.253099156499729 0.461417766427421 -0.744628163443537 0.3108924855875 0.196247033009395 -0.169260163127497 -1.04317982230134 -0.152479708137518 0.846932789291948 0.321739871265016
1.28861679080448 1.01434342531304 -0.743346162473734 -0.227086488836588 0.462794477248556 -0.787256936476447 0.280551685225178 0.225681968662122 -0.1914703851188 -1.05019886921624 -0.138952328402045 0.824516900554119 0.330422713520845
1.31753355496911 1.0313928597527 -0.71032606016943 -0.202310264908734 0.463759304282056 -0.829082594843971 0.246566755887375 0.255256843022974 -0.212519662386232 -1.05640070465401 -0.125553166698294 0.801143861631033 0.338072829084526
1.34605209245584 1.04824010279248 -0.673398898563841 -0.178691587724534 0.464410880235363 -0.869548515067944 0.208988018328479 0.284912119833645 -0.232281172428652 -1.06182784133329 -0.112316132265715 0.776915721499649 0.344597304694368
1.37413676636919 1.06424179586609 -0.632795841500415 -0.156140921118808 0.464831168246893 -0.908100874747285 0.167964673253522 0.314581905513886 -0.250652239619058 -1.06652483914845 -0.0992659511278705 0.751942933634564 0.349918190746928
1.40176692482617 1.07877491414644 -0.588828248635925 -0.134560712051946 0.465086819288789 -0.94421420209449 0.123741429347136 0.344197614805103 -0.267555922331468 -1.07053685519738 -0.0864180487513964 0.72633924039228 0.353973971082865
1.42893718479777 1.09126239846323 -0.541879628690378 -0.113847890742631 0.465230830396493 -0.977414507720595 0.0766487982938847 0.373691402315094 -0.282940823622903 -1.07390818658546 -0.0737788915483822 0.700216784270362 0.356719715171286
1.45565671507736 1.10119404577837 -0.492392962507315 -0.0938961581240716 0.465304347661896 -1.0072978876543 0.0270886148454192 0.402998934560157 -0.296779313523211 -1.07668091669776 -0.0613467475090391 0.673681982137604 0.35812606103225
1.48194771743242 1.10814142745625 -0.440855225552141 -0.0745979521018392 0.46533846811752 -1.03354347535441 -0.0244832425653793 0.432061275106751 -0.309064584028408 -1.07889375852765 -0.0491127598144618 0.646832483420898 0.358177343842869
1.50784339892487 1.11176661248817 -0.387780901209257 -0.0558459997717461 0.465355920341961 -1.05592061271642 -0.0775750191327036 0.460825862205998 -0.319807058396358 -1.08058115141577 -0.0370621925126166 0.619755289209776 0.356869250908975
1.53338574327809 1.11182525207166 -0.333695917946299 -0.037534402015984 0.465372538708126 -1.07429085005567 -0.131676620761827 0.48924671510563 -0.329030646944173 -1.08177262397034 -0.0251757078566439 0.592525908864712 0.354206354800817
1.5586233411068 1.10816502019566 -0.279122967865034 -0.0195592440330404 0.465398482384572 -1.08860577616262 -0.186275514519538 0.517284084986984 -0.336769225408926 -1.08249239845057 -0.0134305623714392 0.56520831346359 0.350199787780365
1.58360945657459 1.1007205341677 -0.22456873518327 -0.00181876708703985 0.465439180576235 -1.09890176708067 -0.240870445392964 0.544903773536055 -0.343063564537697 -1.08275918756853 -0.00180164968217299 0.537855414032477 0.344865214219871
1.60840041931342 1.08950580895683 -0.170513259773155 0.015786834057688 0.465496006356887 -1.10529264301452 -0.294982746583732 0.572076300023095 -0.347958805851509 -1.08258612480991 0.00973763979024101 0.510509824786812 0.338221166061268
1.63305435430409 1.07460514534319 -0.117401483492833 0.0333559081456394 0.465566692289317 -1.10796105348883 -0.348165208796483 0.598776034877724 -0.35150248287676 -1.08198077141211 0.0212147371325654 0.48320473653439 0.330287745744195
1.65763020790057 1.05616319215121 -0.0656369326884623 0.0509860548237978 0.465645503459316 -1.10714924697501 -0.400008570770854 0.624980357423206 -0.353743034561939 -1.08094515292628 0.0326573616290971 0.455964795503075 0.321085672932842
1.68218699644992 1.03437478834166 -0.0155774297010358 0.0687749612952889 0.465723180079816 -1.10314974963695 -0.45014575037878 0.650668851554212 -0.354728740433521 -1.07947579184781 0.0440930923281763 0.4288069402936 0.310635648105345
1.70678319154938 1.00947507874812 0.0324673323902646 0.0868212930506113 0.465786654993994 -1.09629637179873 -0.498253987384258 0.675822530311751 -0.354507012383458 -1.07756371717189 0.0555489957439441 0.401741186860136 0.298958016639514
1.73147615762557 0.981730291600788 0.0782365824265948 0.105225569060791 0.465818543369175 -1.08695586066158 -0.54405512579577 0.700423076425628 -0.35312399316704 -1.07519444517524 0.0670512618100846 0.374771368749616 0.286072731356956
1.75632156809943 0.951429453173497 0.121517923626758 0.124090954618213 0.465796394317487 -1.07552040779171 -0.587314317944245 0.724452095374348 -0.350624427233451 -1.07234793752727 0.0786248047770427 0.347895842152924 0.271999622456408
1.78137274205472 0.918877191503831 0.162145780824076 0.143523903706746 0.465691688484123 -1.06240109521058 -0.627837469308199 0.747890394025839 -0.347051779817098 -1.06899855293796 0.0902927923453075 0.321108158912116 0.256758987471791
1.80667986186556 0.884387653666627 0.1999991875524 0.163634577089445 0.465468563097869 -1.04802223075607 -0.665467750650269 0.77071731608771 -0.342448582978225 -1.06511501716891 0.1020760741221 0.2943977010812 0.240372508856125
1.83228905297238 0.848279441783308 0.234999229980114 0.184536952988576 0.465082247964466 -1.03281639477188 -0.70008147794458 0.792910181537096 -0.336856982375687 -1.06066044348608 0.113992489430087 0.267750261948981 0.2228644929456
1.8582413301277 0.810871375360075 0.267106400974834 0.206348536062453 0.464477203952412 -1.01721991142253 -0.731583604927246 0.814443888245256 -0.330319447106163 -1.05559244129202 0.126056045042427 0.241148553046766 0.204263402063736
1.88457144008557 0.772478823647013 0.296318026971808 0.229189559911033 0.463584971297941 -1.00166838355805 -0.759902998269749 0.835290738008325 -0.32287958887607 -1.04986335408191 0.138275966081581 0.214572616073586 0.18460362279449
1.91130665781434 0.733410330752037 0.32266582551305 0.253181571454222 0.462321759973889 -0.986591902206259 -0.784987585486939 0.85542054398283 -0.314583018880011 -1.04342066807253 0.150655638120409 0.188000124089696 0.163927380759603
1.93846561868542 0.693964284023681 0.346213547478158 0.278445284692241 0.460585849303122 -0.972409568715923 -0.806799396781279 0.874801060023827 -0.305478155002883 -1.03620762904054 0.163191474492222 0.161406569016714 0.142286680510662
1.96605728719899 0.654425453381215 0.367054571893214 0.305097597748547 0.458254908986625 -0.959523051129762 -0.825309480879838 0.893398743560726 -0.295616883474994 -1.0281640970131 0.175871757785029 0.134765353452377 0.119745125689965
1.99408016680823 0.615061348273505 0.38530926970631 0.333247680085573 0.455183407974704 -0.948309028359078 -0.840492677681014 0.911179823915588 -0.285054983377558 -1.0192276577672 0.188675515493732 0.108047833851611 0.0963794678838264
2.02252183970388 0.576118480998261 0.401121949930781 0.36299205461224 0.451200339976407 -0.939110535610501 -0.852322289907188 0.928111602884481 -0.273852243369231 -1.00933499936635 0.201571494218845 0.08122339648187 0.0722807491503863
2.05135888920363 0.537818759999065 0.414657252794887 0.394408621700254 0.446107563929438 -0.932227381699319 -0.860764816724324 0.944163873669625 -0.262072237569738 -0.998423554576556 0.214517294080024 0.0542596809069306 0.0475549434897147
2.08055720749106 0.500356328354051 0.426095952506116 0.427549604130455 0.439679133570779 -0.927905932484506 -0.865775086076894 0.959310319671506 -0.249781775606085 -0.986433408023825 0.227458718112254 0.0271230883523185 0.0223230574938308
2.1 0.476172776710855 0.432593732822452 0.450374871914286 0.434579743485721 -0.926547648625141 -0.867173476308172 0.96880050423718 -0.241429900048693 -0.977901677431777 0.23596102877629 0.00910117319459692 0.00546887127240312
