0.1 0.180967483607192 0.06389897377022
0.2 0.327492301231193 0.11516700134962
0.3 0.444490932409031 0.155196173921635
0.4 0.536256036828512 0.185257621589571
0.5 0.606530659712633 0.206510743088694
0.6 0.658573963312832 0.22001178673765
0.7 0.695219425307973 0.226721825721981
0.8 0.718926342587555 0.227514168056198
0.9 0.731825387533078 0.223181238994164
1 0.735758882342885 0.214440971240177
1.1 0.732316384135775 0.201942736045546
1.2 0.722866108589285 0.186272846148562
1.3 0.708582661888433 0.167959659521068
1.4 0.690471499036498 0.147478311014365
1.5 0.669390480445289 0.125255097243332
1.6 0.646068857582897 0.101671538403461
1.7 0.621123981779298 0.0770681391741395
1.8 0.595075997597712 0.0517478694169113
1.9 0.568360753046013 0.0259793840235318
2 0.541341132946451 0
2.1 0.514316998662524 -0.0259815523159138
2.2 0.487533896794269 -0.051782588119642
2.3 0.461190681124897 -0.0772441223463207
2.4 0.43544617578918 -0.102228705454683
2.5 0.410424993119494 -0.126618427938947
2.6 0.386222606714536 -0.150313081575758
2.7 0.362909768794649 -0.173228466215018
2.8 0.340536350701221 -0.195294831673899
2.9 0.319134676327162 -0.216455444995688
3 0.298722410207184 -0.236665273992293
3.1 0.279305054840058 -0.255889778604121
3.2 0.260878105461544 -0.274103802186188
3.3 0.243428904848184 -0.291290555367223
3.4 0.226938235730217 -0.307440685631612
3.5 0.211381683956229 -0.322551426244261
3.6 0.196730801620506 -0.336625818578153
3.7 0.182954095880511 -0.349672002315233
3.8 0.170017866106859 -0.361702568375216
3.9 0.157886909277274 -0.372733969785652
4 0.146525111109873 -0.382785986041644
4.1 0.135895938294442 -0.391881236816543
4.2 0.125962845292013 -0.400044741177162
4.3 0.116689607504928 -0.407303518729783
4.4 0.108040591147002 -0.413686229377836
4.5 0.0999809688441808 -0.419222848609676
4.6 0.0924768888506289 -0.423944375456495
4.7 0.0854956047559407 -0.42788257046712
4.8 0.0790055716705922 -0.43106972123919
4.9 0.0729765140950585 -0.433538433225884
5 0.0673794699908547 -0.435321443704854
5.1 0.0621868149682595 -0.436451456952071
5.2 0.057372269975912 -0.43696099880863
5.3 0.0529108954132483 -0.436882288963976
5.4 0.0487790741802168 -0.436247129405015
5.5 0.0449544858231047 -0.435086807597898
5.6 0.0414160736246088 -0.433432013078436
5.7 0.0381440062151725 -0.431312766228621
5.8 0.0351196350463594 -0.428758358111149
5.9 0.0323254488614668 -0.425797300321641
6 0.0297450261199963 -0.422457283899778
6.1 0.0273629861777268 -0.418765146416393
6.2 0.0251649398900671 -0.41474684642388
6.3 0.0231374401905642 -0.410427444522647
6.4 0.0212679330966264 -0.405831090356905
6.5 0.0195447095087084 -0.400981014909352
6.6 0.0179568580956322 -0.395899527516421
6.7 0.0164942194958246 -0.390608017074066
6.8 0.0151473420106893 -0.385126956948835
6.9 0.0139074389208694 -0.37947591315042
7 0.0127663475177632 -0.373673555360204
7.1 0.0117164899103758 -0.367737670445847
7.2 0.0107508356406242 -0.361685178124726
7.3 0.00986286611783012 -0.355532148469366
7.4 0.00904654086471767 -0.349293820976001
7.5 0.0082962655522175 -0.342984624943246
7.6 0.00760686178829728 -0.336618200931673
7.7 0.00697353861645667 -0.330207423097098
7.8 0.00639186567208467 -0.323764422210583
7.9 0.00585774793925359 -0.317300609196823
8 0.00536740204644019 -0.310826699039711
8.1 0.00491733403687764 -0.304352734919632
8.2 0.00450431854754313 -0.297888112461497
8.3 0.004125379329992 -0.291441603985824
8.4 0.00377777104620465 -0.285021382667309
8.5 0.00345896227318095 -0.278635046516508
8.6 0.00316661965108236 -0.272289642110413
8.7 0.00289859311118482 -0.265991688007052
8.8 0.00265290212168039 -0.259747197787725
8.9 0.0024277228913798 -0.253561702678248
9 0.00222137647356023 -0.247440273707624
9.1 0.00203231771452009 -0.241387543368997
9.2 0.00185912499380252 -0.235407726753532
9.3 0.00170049070549402 -0.229504642133161
9.4 0.00155521243246469 -0.223681730972911
9.5 0.00142218476786631 -0.217942077357804
9.6 0.00130039174062439 -0.212288426823223
9.7 0.00118889980403251 -0.206723204581112
9.8 0.00108685134887067 -0.201248533137489
9.9 0.000993458704712271 -0.195866249299557
