0.436908468957475 -0.186589570617598 0.226738119003866 -0.268843039232552 0.3
0.650146497965161 -0.264957496163653 0.313503746930945 -0.356454541075026 0.6
0.725593192688933 -0.269137757184177 0.300784887591271 -0.310710504682738 0.9
0.719817785066575 -0.224873664040937 0.222696118980343 -0.179795583031757 1.2
0.669457656183468 -0.151376363151486 0.107343364775294 -0.00858549635680554 1.5
0.59771578583274 -0.0627416750204598 -0.0227509713822029 0.164291174760398 1.8
0.518837848057622 0.0309122452151592 -0.150175910901126 0.308562038821509 2.1
0.44117752602984 0.122534839026503 -0.262125916594748 0.40351517629899 2.4
0.369279468378033 0.207418218711416 -0.34987354923319 0.438297531710869 2.7
0.305281935691496 0.282622420353504 -0.408232587255573 0.411374955378124 3
0.249850950969292 0.346522189682137 -0.435022552157141 0.329280197134877 3.3
0.202793880952898 0.398451759815396 -0.430544597312292 0.204819593436661 3.6
0.163455370606266 0.438428431491514 -0.397077602920591 0.0549374914740985 3.9
0.130966825177364 0.466939232135132 -0.338402160446373 -0.101551962187335 4.2
0.104398498909791 0.484777902019143 -0.259358887997634 -0.246162511101446 4.5
0.0828476790893959 0.492921809080397 -0.165446286798765 -0.362681845595432 4.8
0.0654857296420365 0.49244039227194 -0.0624620844932176 -0.438719891506581 5.1
0.051579263771474 0.484428342611254 0.0438091981664639 -0.466757306819644 5.4
0.0404956161868018 0.469958041981052 0.147860912935441 -0.444641712116675 5.7
0.031699248471737 0.450046893956379 0.244680744366086 -0.375529497322778 6
0.0247433728944463 0.42563601406356 0.329919568121736 -0.267318451915033 6.3
0.0192594736063488 0.397577524503079 0.400014251286402 -0.131657020383513 6.6
0.0149463252045237 0.366628213200385 0.452266769450186 0.0173530206277418 6.9
0.0115594634949354 0.333447853702618 0.48488274605507 0.164624226771536 7.2
0.00890155282495509 0.298600801686768 0.496973104684105 0.295578450998073 7.5
0.00681388723317653 0.26255983621929 0.488523021281712 0.397531541488891 7.8
0.0051690142780591 0.225711425414677 0.46033269036305 0.460847166942941 8.1
0.00386446525718236 0.188361803222348 0.413934674958032 0.479765350606164 8.4
0.00281741383653692 0.150743402312818 0.3514926890862 0.452844301842906 8.7
0.00196017666391838 0.113021286838762 0.27568668781587 0.382990812283685 9
0.00123635026654192 0.0752993574329433 0.189589000310283 0.277091552956522 9.3
0.00059746980295571 0.0376261313435972 0.0965360636121216 0.145292166935482 9.6
