#Values for x in the interval(-1, 1) evaluated in the trained network, with 6 neurons, and evaluated in the function itself
-1 0.370681707264064 0.35322690848236
-0.984375 0.366315920156655 0.354964191333474
-0.96875 0.359764261635741 0.354054051702848
-0.953125 0.350938359788909 0.350348732138954
-0.9375 0.339757954621999 0.343718174547503
-0.921875 0.326152368425959 0.334052257607076
-0.90625 0.310062031573486 0.321262932136354
-0.890625 0.291440052213626 0.30528622473635
-0.875 0.270253815885088 0.286084080246648
-0.859375 0.24648659847527 0.263646014164902
-0.84375 0.220139173261501 0.237990547193032
-0.828125 0.191231390045012 0.209166395495506
-0.8125 0.159803701698851 0.177253392082972
-0.796875 0.125918610880881 0.142363116960405
-0.78125 0.0896620073031189 0.104639216288928
-0.765625 0.0511443638971635 0.0642573937844888
-0.75 0.0105017585745456 0.0214250608884753
-0.734375 -0.0321033128453072 -0.0236193641368832
-0.71875 -0.0764813674758306 -0.0706075141495816
-0.703125 -0.122415644703791 -0.119242489955512
-0.6875 -0.169662127752428 -0.169200633584408
-0.671875 -0.217949909304184 -0.220133651161934
-0.65625 -0.266981930197242 -0.271671074042464
-0.640625 -0.316436116412752 -0.323423042372845
-0.625 -0.365966934783726 -0.374983390813111
-0.609375 -0.415207382095191 -0.425933011807813
-0.59375 -0.463771415550969 -0.475843467643852
-0.578125 -0.511256825029224 -0.524280818609466
-0.5625 -0.557248539242388 -0.57080963094479
-0.546875 -0.601322348994777 -0.614997125005378
-0.53125 -0.643049021361039 -0.656417421200816
-0.515625 -0.681998768986558 -0.694655838871657
-0.5 -0.717746029057391 -0.729313201374526
-0.484375 -0.749874497042508 -0.76001009929669
-0.46875 -0.777982351329149 -0.786391062950272
-0.453125 -0.801687596614705 -0.808128595127678
-0.4375 -0.820633446647166 -0.824927015551008
-0.421875 -0.834493660874499 -0.836526069527975
-0.40625 -0.842977745008649 -0.842704255035354
-0.390625 -0.845835922644954 -0.843281824779201
-0.375 -0.84286378408266 -0.838123422711465
-0.359375 -0.83390651950687 -0.827140317988128
-0.34375 -0.818862646809492 -0.810292203399447
-0.328125 -0.797687149587117 -0.787588529844314
-0.3125 -0.770393948240948 -0.759089353406638
-0.296875 -0.737057636542342 -0.724905676963117
-0.28125 -0.697814427381609 -0.685199273943482
-0.265625 -0.65286226449272 -0.640181987805346
-0.25 -0.60246007149172 -0.590114506900605
-0.234375 -0.546926125280327 -0.535304620619718
-0.21875 -0.486635557402343 -0.476104968922543
-0.203125 -0.422017003917504 -0.412910303516765
-0.1875 -0.353548441367839 -0.346154284944304
-0.171875 -0.281752263033541 -0.276305845600584
-0.15625 -0.207189665484204 -0.203865154161675
-0.140625 -0.130454430012468 -0.129359221954187
-0.125 -0.0521661964983567 -0.0533371964011797
-0.109375 0.0270366617636826 0.0236346092510423
-0.09375 0.106504445048414 0.10097789723406
-0.078125 0.185583692617445 0.178107722044956
-0.0625 0.263624779778994 0.254437925006856
-0.046875 0.339989419236255 0.329386607427796
-0.03125 0.414057941704577 0.402381582456476
-0.015625 0.485236235969647 0.472865745753701
0 0.552962236492613 0.54030230586814
0.015625 0.616711857150088 0.604179816716544
0.03125 0.676004282461568 0.664016956803202
0.046875 0.730406542372614 0.719367002742835
0.0625 0.779537312941698 0.769821948236841
0.078125 0.823069902688299 0.815016223847469
0.09375 0.860734402432924 0.854629977662006
0.109375 0.892318994708999 0.888391882175859
0.125 0.917670436758918 0.916081438379049
0.140625 0.936693748257055 0.9375307540291
0.15625 0.949351150768974 0.952625779354034
0.171875 0.955660320132544 0.961306989868213
0.1875 0.955692025056674 0.963569512515131
0.203125 0.949567234961396 0.959462697888119
0.21875 0.937453787184437 0.949089147735891
0.234375 0.919562707988851 0.932603213250335
0.25 0.896144283243281 0.910208985677219
0.265625 0.867483973219122 0.882157806508982
0.28125 0.83389826175502 0.848745329840212
0.296875 0.795730523264246 0.81030817432465
0.3125 0.753346981973573 0.767220206508685
0.328125 0.707132826728816 0.719888501079301
0.34375 0.657488532094387 0.668749026711872
0.359375 0.604826422778836 0.614262108701753
0.375 0.549567504143078 0.556907721389475
0.390625 0.492138567224193 0.497180664528294
0.40625 0.432969562874494 0.435585678190569
0.421875 0.372491226799597 0.372632550571157
0.4375 0.31113292597747 0.308831272136531
0.453125 0.249320687600178 0.244687288011407
0.46875 0.187475364681992 0.18069689832272
0.484375 0.126010888119239 0.117342853474208
0.5 0.0653325534691649 0.0550901880510869
0.515625 0.00583529212995532 -0.00561766669261444
0.53125 -0.0520981190712155 -0.0643624559722639
0.546875 -0.10809894878189 -0.120754328955274
0.5625 -0.161814531816849 -0.174434694100419
0.578125 -0.21291043719501 -0.2250786808723
0.59375 -0.261072787667547 -0.272397191497562
0.609375 -0.306010720365273 -0.31613853164823
0.625 -0.347458963187379 -0.35608961415641
0.640625 -0.38518048672615 -0.392076735014902
0.65625 -0.418969177554915 -0.423965925934198
0.671875 -0.448652466269426 -0.451662892545421
0.6875 -0.474093833395163 -0.47511255190344
0.703125 -0.495195108715025 -0.494298187201835
0.71875 -0.511898475197993 -0.50924024151493
0.734375 -0.524188087865229 -0.519994775891142
0.75 -0.532091220823283 -0.526651620202716
0.765625 -0.53567886238053 -0.529332247782682
0.78125 -0.535065688539745 -0.528187407031008
0.796875 -0.530409358964592 -0.523394544836084
0.8125 -0.521909096335946 -0.515155057829621
0.828125 -0.509803529291886 -0.503691408174626
0.84375 -0.494367800211012 -0.489244140785918
0.859375 -0.475909961188799 -0.472068838615577
0.875 -0.454766703846152 -0.452433051922723
0.890625 -0.431298490247268 -0.430613236314381
0.90625 -0.405884172348698 -0.406891732823087
0.921875 -0.37891520525817 -0.381553821412659
0.9375 -0.350789574435426 -0.354884877115109
0.953125 -0.321905568215971 -0.327167655540637
0.96875 -0.292655534218007 -0.298679731812937
0.984375 -0.263419760998161 -0.26969111410863
1 -0.234560624619748 -0.240462049968584
