-1
-1 0.370681707264064 -0.211459405499346 -8.56571943896697 0
-0.984375 0.366315920156655 -0.348376934799795 -8.95561509006692 0.0057605796891061
-0.96875 0.359764261635741 -0.491179490083027 -9.31806657152366 0.0114359865951628
-0.953125 0.350938359788909 -0.639393622714146 -9.64731381309895 0.0169913664409251
-0.9375 0.339757954621999 -0.792453763482495 -9.93733103809074 0.0223905456380024
-0.921875 0.326152368425959 -0.949698355435837 -10.1818646557381 0.0275961694440978
-0.90625 0.310062031573486 -1.11036665020129 -10.3744804321271 0.0325698635412685
-0.890625 0.291440052213626 -1.27359631887195 -10.5086206986823 0.0372724198142808
-0.875 0.270253815885088 -1.43842203924433 -10.5776722016677 0.0416640069090444
-0.859375 0.24648659847527 -1.60377522909401 -10.5750449928023 0.045704405912582
-0.84375 0.220139173261501 -1.76848509953053 -10.4942625103153 0.0493532712161091
-0.828125 0.191231390045012 -1.93128120254772 -10.3290627034443 0.0525704163005083
-0.8125 0.159803701698851 -2.09079764199913 -10.073509715343 0.055316123818789
-0.796875 0.125918610880881 -2.24557910677021 -9.72211526538883 0.0575514789442266
-0.78125 0.0896620073031189 -2.39408886838577 -9.26996846977278 0.0592387245083383
-0.765625 0.0511443638971635 -2.5347188623185 -8.712872418783 0.0603416359737204
-0.75 0.0105017585745456 -2.66580194265199 -8.04748540196202 0.0608259137786609
-0.734375 -0.0321033128453072 -2.78562636349709 -7.27146425159639 0.0606595900605713
-0.71875 -0.0764813674758306 -2.89245249787662 -6.38360687538119 0.0598134462225141
-0.703125 -0.122415644703791 -2.98453175613202 -5.38399068617551 0.0582614372618305
-0.6875 -0.169662127752428 -3.06012761196439 -4.27410332662713 0.0559811182439851
-0.671875 -0.217949909304184 -3.11753858595288 -3.05696184518755 0.0529540677913656
-0.65625 -0.266981930197242 -3.15512297499385 -1.7372163231681 0.0491663029801305
-0.640625 -0.316436116412752 -3.17132505300725 -0.321233894299976 0.0446086796132333
-0.625 -0.365966934783726 -3.16470240510342 1.18284084879633 0.0392772714798373
-0.609375 -0.415207382095191 -3.13395399601335 2.76505289278795 0.03317372193587
-0.59375 -0.463771415550969 -3.07794851590656 4.41363481599647 0.0263055609623706
-0.578125 -0.511256825029224 -2.99575249478551 6.11503887126498 0.0186864807916268
-0.5625 -0.557248539242388 -2.88665763250099 7.85400567202582 0.0103365632484938
-0.546875 -0.601322348994777 -2.75020675708261 9.61367132556657 0.00128245214648978
-0.53125 -0.643049021361039 -2.58621780140474 11.3757140536263 -0.00844253558639228
-0.515625 -0.681998768986558 -2.3948051789022 13.1205404360601 -0.0187983658932184
-0.5 -0.717746029057391 -2.17639794453846 14.827510427606 -0.0297383158911725
-0.484375 -0.749874497042508 -1.93175414860395 16.4751992542666 -0.0412090789138975
-0.46875 -0.777982351329149 -1.6619708288781 18.0416932217772 -0.0531509497861694
-0.453125 -0.801687596614705 -1.36848914146913 19.5049153944732 -0.0654980927602101
-0.4375 -0.820633446647166 -1.0530942019983 20.8429760613058 -0.0781788933575593
-0.421875 -0.834493660874499 -0.717909295947484 22.0345419307753 -0.0911163940707718
-0.40625 -0.842977745008649 -0.36538421863147 23.059217122364 -0.104228812506567
-0.390625 -0.845835922644954 0.0017223804466036 23.8979282818675 -0.117430139121185
-0.375 -0.84286378408266 0.380366649486293 24.5333055728349 -0.130630810237468
-0.359375 -0.83390651950687 0.767249051029311 24.9500509137073 -0.143738450571952
-0.34375 -0.818862646809492 1.15884947540019 25.1352846631355 -0.156658678071204
-0.328125 -0.797687149587117 1.55146754574122 25.0788620216452 -0.169295962493046
-0.3125 -0.770393948240948 1.94126757509415 24.7736507270039 -0.181554527903533
-0.296875 -0.737057636542342 2.32432750840131 24.2157621767022 -0.193339288127442
-0.28125 -0.697814427381609 2.69669106531197 23.4047289095026 -0.204556803219492
-0.265625 -0.65286226449272 3.05442219698977 22.3436224065942 -0.215116244244181
-0.25 -0.60246007149172 3.39366088516731 21.0391064111575 -0.224930353088921
-0.234375 -0.546926125280327 3.71067924755364 19.5014223850958 -0.233916383708743
-0.21875 -0.486635557402343 4.00193687294265 17.7443052884096 -0.241997011126898
-0.203125 -0.422017003917504 4.26413429397588 15.7848295392049 -0.249101194704056
-0.1875 -0.353548441367839 4.49426351678304 13.6431867448186 -0.255164982643234
-0.171875 -0.281752263033541 4.68965456521237 11.3423985377223 -0.260132245415359
-0.15625 -0.207189665484204 4.84801706283995 8.90796955253018 -0.263955326762025
-0.140625 -0.130454430012468 4.96747596737612 6.36748719111365 -0.266595602141615
-0.125 -0.0521661964983567 5.0466006876368 3.75017629152871 -0.268023935910271
-0.109375 0.0270366617636826 5.08442695032942 1.08641809633499 -0.268221030141947
-0.09375 0.106504445048414 5.08047093922941 -1.59275603513418 -0.26717765975872
-0.078125 0.185583692617445 5.03473539899904 -4.25618494371319 -0.264894790525669
-0.0625 0.263624779778994 4.94770757552553 -6.87310030241308 -0.261383578422757
-0.046875 0.339989419236255 4.82034904945663 -9.41363967669707 -0.256665250895393
-0.03125 0.414057941704577 4.65407770457887 -11.8493382785527 -0.250770872460824
-0.015625 0.485236235969647 4.45074225272168 -14.1535881577456 -0.24374099906399
0 0.552962236492613 4.21258990695355 -16.30205436763 -0.235625227390321
0.015625 0.616711857150088 3.9422279501619 -18.2730387338986 -0.226481647012519
0.03125 0.676004282461568 3.64258008224508 -20.0477832143357 -0.216376204736026
0.046875 0.730406542372614 3.3168385421719 -21.6107064292392 -0.205381991780283
0.0625 0.779537312941698 2.96841308779338 -22.9495687215916 -0.193578465462688
0.078125 0.823069902688299 2.60087797397324 -24.0555630231081 -0.181050617818104
0.09375 0.860734402432924 2.21791809661066 -24.9233308022076 -0.16788810407494
0.109375 0.892318994708999 1.8232754656144 -25.5509043949523 -0.154184344112515
0.125 0.917670436758918 1.4206971339217 -25.9395790109684 -0.140035609944894
0.140625 0.936693748257055 1.01388564322904 -26.093719604551 -0.125540111922212
0.15625 0.949351150768974 0.606452952113573 -26.0205095498629 -0.110797095728026
0.171875 0.955660320132544 0.201878691427003 -25.7296496053555 -0.0959059614035009
0.1875 0.955692025056674 -0.196526551214967 -25.2330169484682 -0.0809654145756944
0.203125 0.949567234961396 -0.585652377104205 -24.5442950661227 -0.066072658842657
0.21875 0.937453787184437 -0.962613785804127 -23.678585966227 -0.0513226369118228
0.234375 0.919562707988851 -1.32477026393057 -22.6520165059853 -0.0368073266425608
0.25 0.896144283243281 -1.6697387536038 -21.4813505997624 -0.0226150966532459
0.265625 0.867483973219122 -1.99540068196526 -20.18361866853 -0.00883012466267255
0.28125 0.83389826175502 -2.29990340519558 -18.7757749314133 0.00446811971079088
0.296875 0.795730523264246 -2.58165657790609 -17.2743920355226 0.0172053273293486
0.3125 0.753346981973573 -2.83932409645978 -15.6954011020523 0.0293127379683878
0.328125 0.707132826728816 -3.0718123781003 -14.0538835741194 0.0407274667529826
0.34375 0.657488532094387 -3.27825582281846 -12.3639193344886 0.0513927714425705
0.359375 0.604826422778836 -3.45800035859651 -10.6384934775834 0.0612582640947947
0.375 0.549567504143078 -3.61058599094784 -8.88946193600772 0.0702800711070117
0.390625 0.492138567224193 -3.73572926350016 -7.12757394909877 0.0784209458773505
0.40625 0.432969562874494 -3.83330648789619 -5.36254719565291 0.0856503383499116
0.421875 0.372491226799597 -3.90333851985193 -3.60318937241853 0.0919444255225308
0.4375 0.31113292597747 -3.94597774637132 -1.85755816086794 0.0972861066203363
0.453125 0.249320687600178 -3.96149781059182 -0.13314996017601 0.101664966101313
0.46875 0.187475364681992 -3.95028644034782 1.5628934591783 0.105077206994994
0.484375 0.126010888119239 -3.91284157007869 3.22357205195763 0.107525556321248
0.5 0.0653325534691649 -3.84977075976924 4.84182039732709 0.109019143535887
0.515625 0.00583529212995532 -3.76179372638151 6.41031836077688 0.109573352148715
0.53125 -0.0520981190712155 -3.64974762025466 7.92133089888045 0.109209643903481
0.546875 -0.10809894878189 -3.51459450882371 9.36658732386627 0.107955354242512
0.5625 -0.161814531816849 -3.35743038012155 10.7372088230641 0.105843457242966
0.578125 -0.21291043719501 -3.17949485573347 12.0236910914821 0.10291229784309
0.59375 -0.261072787667547 -2.98218071318359 13.2159466471423 0.0992052890055343
0.609375 -0.306010720365273 -2.76704226603636 14.3034088390524 0.0947705715122923
0.625 -0.347458963187379 -2.53580163979854 15.2751968227178 0.0896606343649857
0.640625 -0.38518048672615 -2.29035201491648 16.1203379757363 0.0839318942772142
0.65625 -0.418969177554915 -2.03275698493636 16.828041471888 0.0776442334846065
0.671875 -0.448652466269426 -1.76524529655194 17.3880141449754 0.0708604960442254
0.6875 -0.474093833395163 -1.49020039527742 17.7908074700894 0.0636459439192549
0.703125 -0.495195108715025 -1.21014439055768 18.028182579076 0.0560676754091779
0.71875 -0.511898475197993 -0.927716270354836 18.0934788049712 0.0481940098436901
0.734375 -0.524188087865229 -0.645644429353915 17.9819703953405 0.0400938438577566
0.75 -0.532091220823283 -0.366713817578651 17.6911958027641 0.0318359859485499
0.765625 -0.53567886238053 -0.093728257395615 17.2212443821978 0.0234884773234674
0.78125 -0.535065688539745 0.170531293647689 16.5749864013902 0.0151179082233366
0.796875 -0.530409358964592 0.423351549012947 15.7582339742786 0.00678873989047252
0.8125 -0.521909096335946 0.662133606730228 14.7798228015788 -0.0014373569030767
0.828125 -0.509803529291886 0.884440271608053 13.6516073635481 -0.00950213538888836
0.84375 -0.494367800211012 1.08804259656461 12.3883653489819 -0.0173513668721765
0.859375 -0.475909961188799 1.2709642139215 11.0076104941925 -0.0249353840049561
0.875 -0.454766703846152 1.43152204187896 9.52931650441594 -0.0322095624681331
0.890625 -0.431298490247268 1.5683620203197 7.97555818880481 -0.0391347311518482
0.90625 -0.405884172348698 1.68048865177162 6.3700792095285 -0.0456775021344707
0.921875 -0.37891520525817 1.76728729371159 4.73779878293458 -0.0518105132695755
0.9375 -0.350789574435426 1.82853836119827 3.10427214736747 -0.0575125779555919
0.953125 -0.321905568215971 1.86442284600097 1.495121519254 -0.0627687386327932
0.96875 -0.292655534218007 1.87551883035605 -0.0645444870101288 -0.0675702226667433
0.984375 -0.263419760998161 1.86278895956519 -1.55070445301102 -0.0719143014700674
1 -0.234560624619748 1.82755912658771 -2.94097242396823 -0.0758040559158355
