1 -0.501859534174159 -0.5
0.5 -0.501859503488408 -0.5
0.25 -0.50185953967659 -0.5
0.125 -0.501864086181325 -0.5
0.0625 -0.501864012693424 -0.5
0.03125 -0.501859674016307 -0.5
0.015625 -0.501862398061505 -0.5
0.0078125 -0.501860305032897 -0.5
0.00390625 -0.501861225098218 -0.5
0.001953125 -0.501861809693077 -0.5
0.0009765625 -0.501862060453119 -0.5
0.00048828125 -0.501862175082751 -0.5
0.000244140625 -0.501862229649007 -0.5
0.0001220703125 -0.501862256228449 -0.5
6.103515625E-05 -0.501862269367631 -0.5
3.0517578125E-05 -0.501862275827544 -0.5
1.52587890625E-05 -0.501862279086095 -0.5
7.62939453125E-06 -0.501862280700995 -0.5
3.814697265625E-06 -0.501862281533401 -0.5
1.9073486328125E-06 -0.501862281949182 -0.5
9.5367431640625E-07 -0.501862282101655 -0.5
4.76837158203125E-07 -0.501862282248421 -0.5
2.38418579101563E-07 -0.501862282232023 -0.5
1.19209289550781E-07 -0.501862282315412 -0.5
5.96046447753906E-08 -0.501862282326418 -0.5
2.98023223876953E-08 -0.50186228233581 -0.5
1.49011611938477E-08 -0.501862282340763 -0.5
7.45058059692383E-09 -0.5018622823262 -0.5
3.72529029846191E-09 -0.501862282334747 -0.5
1.86264514923096E-09 -0.501862282359217 -0.5
9.31322574615479E-10 -0.5018622823465 -0.5
4.65661287307739E-10 -0.501862282354364 -0.5
2.3283064365387E-10 -0.501862282321959 -0.5
1.16415321826935E-10 -0.501862282330713 -0.5
5.82076609134674E-11 -0.501862282333759 -0.5
2.91038304567337E-11 -0.501862282341057 -0.5
1.45519152283669E-11 -0.501862282378865 -0.5
7.27595761418343E-12 -0.501862282339074 -0.5
3.63797880709171E-12 -0.501862282337843 -0.5
1.81898940354586E-12 -0.501862282333529 -0.5
9.09494701772928E-13 -0.501862282374906 -0.5
4.54747350886464E-13 -0.501862282330973 -0.5
2.27373675443232E-13 -0.501862282350214 -0.5
1.13686837721616E-13 -0.501862282348088 -0.5
5.6843418860808E-14 -0.501862282336572 -0.5
2.8421709430404E-14 -0.501862282320016 -0.5
1.4210854715202E-14 -0.501862282320992 -0.5
7.105427357601E-15 -0.501862282395856 -0.5
3.5527136788005E-15 -0.501862282364666 -0.5
1.77635683940025E-15 -0.501862282348909 -0.5
