2.00000 -0.140954044071095 -0.5
2.50000 -0.345466203900922 -0.5
3.00000 -0.426679484371507 -0.5
3.50000 -0.466634792072341 -0.5
4.00000 -0.485446990992879 -0.5
4.50000 -0.494630643798139 -0.5
5.00000 -0.499378072903941 -0.5
5.50000 -0.500256882881007 -0.5
6.00000 -0.501188947712454 -0.5
6.50000 -0.501698211831088 -0.5
7.00000 -0.501726789733452 -0.5
7.50000 -0.501809347043253 -0.5
8.00000 -0.501862905928414 -0.5
8.50000 -0.501892566948149 -0.5
9.00000 -0.501861991024868 -0.5
9.50000 -0.50186544600358 -0.5
10.00000 -0.50187055751211 -0.5
