1 -0.506963284308337 -0.5
0.5 -0.504589954499815 -0.5
0.25 -0.503132189205685 -0.5
0.125 -0.502364041681816 -0.5
0.0625 -0.502050706893883 -0.5
0.03125 -0.501937682417669 -0.5
0.015625 -0.50187177415929 -0.5
0.0078125 -0.501855098164778 -0.5
0.00390625 -0.501842412431748 -0.5
0.001953125 -0.501836805153635 -0.5
0.0009765625 -0.501834078428331 -0.5
0.00048828125 -0.501832889615706 -0.5
0.000244140625 -0.501832570351074 -0.5
0.0001220703125 -0.501832322218439 -0.5
6.103515625E-05 -0.501832187607181 -0.5
3.0517578125E-05 -0.501832099382397 -0.5
1.52587890625E-05 -0.501832122870507 -0.5
7.62939453125E-06 -0.501832096212041 -0.5
3.814697265625E-06 -0.501832087082722 -0.5
1.9073486328125E-06 -0.501832089059497 -0.5
9.5367431640625E-07 -0.501832085358374 -0.5
4.76837158203125E-07 -0.501832083378165 -0.5
2.38418579101563E-07 -0.50183208232661 -0.5
1.19209289550781E-07 -0.50183208182873 -0.5
5.96046447753906E-08 -0.501832081504158 -0.5
2.98023223876953E-08 -0.501832081422197 -0.5
1.49011611938477E-08 -0.501832081365532 -0.5
7.45058059692383E-09 -0.501832081266308 -0.5
3.72529029846191E-09 -0.501832081307518 -0.5
1.86264514923096E-09 -0.50183208124083 -0.5
9.31322574615479E-10 -0.501832081280084 -0.5
4.65661287307739E-10 -0.501832081300398 -0.5
2.3283064365387E-10 -0.501832081251919 -0.5
1.16415321826935E-10 -0.501832081275419 -0.5
5.82076609134674E-11 -0.501832081238384 -0.5
2.91038304567337E-11 -0.50183208126035 -0.5
1.45519152283669E-11 -0.501832081315844 -0.5
7.27595761418343E-12 -0.501832081280768 -0.5
3.63797880709171E-12 -0.501832081293107 -0.5
1.81898940354586E-12 -0.501832081294668 -0.5
9.09494701772928E-13 -0.501832081272956 -0.5
4.54747350886464E-13 -0.501832081244696 -0.5
2.27373675443232E-13 -0.501832081326677 -0.5
1.13686837721616E-13 -0.50183208126214 -0.5
5.6843418860808E-14 -0.501832081235041 -0.5
2.8421709430404E-14 -0.501832081308865 -0.5
1.4210854715202E-14 -0.501832081292501 -0.5
7.105427357601E-15 -0.50183208120521 -0.5
3.5527136788005E-15 -0.501832081251688 -0.5
1.77635683940025E-15 -0.501832081276384 -0.5
