0.05000 -0.500249342369193 -0.5
0.10000 -0.501862905928414 -0.5
0.15000 -0.506135062405897 -0.5
0.20000 -0.514524555204116 -0.5
0.25000 -0.528876207014084 -0.5
0.30000 -0.551859375133736 -0.5
0.35000 -0.587598399831255 -0.5
0.40000 -0.642583425876822 -0.5
0.45000 -0.727421606246745 -0.5
0.50000 -0.859829811481318 -0.5
0.55000 -0.130341425038597 -0.5
0.60000 -0.139451904734193 -0.5
0.65000 -0.14719442998 -0.5
0.70000 -0.153951829687566 -0.5
0.75000 -0.159319379071474 -0.5
0.80000 -0.163334124911426 -0.5
0.85000 -0.166171379418773 -0.5
0.90000 -0.167986584872867 -0.5
0.95000 -0.168960475987078 -0.5
