0.10000 0.09000 0.09048
0.20000 0.16186 0.16375
0.30000 0.21907 0.22225
0.40000 0.26391 0.26813
0.50000 0.29817 0.30327
0.60000 0.32351 0.32929
0.70000 0.34122 0.34761
0.80000 0.35264 0.35946
0.90000 0.35875 0.36591
1.00000 0.36056 0.36788
1.10000 0.35863 0.36616
1.20000 0.35383 0.36143
1.30000 0.34668 0.35429
1.40000 0.33770 0.34524
1.50000 0.32724 0.33470
1.60000 0.31572 0.32303
1.70000 0.30339 0.31056
1.80000 0.29056 0.29754
1.90000 0.27742 0.28418
2.00000 0.26413 0.27067
2.10000 0.25087 0.25716
2.20000 0.23774 0.24377
2.30000 0.22482 0.23060
2.40000 0.21216 0.21772
2.50000 0.20001 0.20521
2.60000 0.18807 0.19311
2.70000 0.17680 0.18145
2.80000 0.16575 0.17027
2.90000 0.15548 0.15957
3.00000 0.14523 0.14936
3.10000 0.13608 0.13965
3.20000 0.12693 0.13044
3.30000 0.11853 0.12171
3.40000 0.11054 0.11347
3.50000 0.10275 0.10569
3.60000 0.09587 0.09837
3.70000 0.08899 0.09148
3.80000 0.08279 0.08501
3.90000 0.07694 0.07894
4.00000 0.07119 0.07326
4.10000 0.06627 0.06795
4.20000 0.06134 0.06298
4.30000 0.05683 0.05834
4.40000 0.05273 0.05402
4.50000 0.04864 0.04999
4.60000 0.04513 0.04624
4.70000 0.04177 0.04275
4.80000 0.03841 0.03950
4.90000 0.03568 0.03649
5.00000 0.03297 0.03369
5.10000 0.03026 0.03109
5.20000 0.02809 0.02869
5.30000 0.02595 0.02646
5.40000 0.02381 0.02439
5.50000 0.02202 0.02248
5.60000 0.02038 0.02071
5.70000 0.01873 0.01907
5.80000 0.01715 0.01756
5.90000 0.01592 0.01616
6.00000 0.01469 0.01487
6.10000 0.01346 0.01368
6.20000 0.01231 0.01258
6.30000 0.01143 0.01157
6.40000 0.01054 0.01063
6.50000 0.00966 0.00977
6.60000 0.00878 0.00898
6.70000 0.00810 0.00825
6.80000 0.00750 0.00757
6.90000 0.00690 0.00695
7.00000 0.00629 0.00638
7.10000 0.00569 0.00586
7.20000 0.00520 0.00538
7.30000 0.00481 0.00493
7.40000 0.00441 0.00452
7.50000 0.00402 0.00415
7.60000 0.00362 0.00380
7.70000 0.00323 0.00349
7.80000 0.00286 0.00320
7.90000 0.00255 0.00293
8.00000 0.00223 0.00268
